0.000000000000000000e+00
0.000000000000000000e+00
0.000000000000000000e+00
0.000000000000000000e+00
0.000000000000000000e+00
0.000000000000000000e+00
8.559407201249302696e-310
3.234301814670467001e-295
5.386191758538668685e-281
3.953225221725966996e-267
1.278775370804649243e-253
1.823118436967988928e-240
1.145562863826707867e-227
3.172579769928548385e-215
3.872600272028060539e-203
2.083517236160170562e-191
4.940884327531095682e-180
5.164586270394078529e-169
2.379584931378447002e-158
4.832980108295926666e-148
4.327053750475928352e-138
1.707854501550909104e-128
2.971744544305895066e-119
2.279808235261542622e-110
7.711516204314130697e-102
1.150188996282804267e-93
7.565296835848501868e-86
2.194606476218668757e-78
2.808126179986447691e-71
1.585155736667697211e-64
3.948225238122940529e-58
4.340126975510881643e-52
2.106155565391654851e-46
4.513468531953375158e-41
4.273106100622456142e-36
1.788226352357463122e-31
3.310182284913514067e-27
2.712965410468288573e-23
9.857670475932783806e-20
1.590990566370898150e-16
1.143774290578902387e-13
3.678010235123279366e-11
5.323714162678356990e-09
3.500726298240648200e-07
1.059384495427676327e-05
1.499827957427899404e-04
1.011298983698561511e-03
3.296552300705788297e-03
5.233997922436439514e-03
4.042529679002812744e-03
1.508211643408065511e-03
2.695143800559114873e-04
2.290058101128186250e-05
9.199016375844357740e-07
1.737968518050601287e-08
1.536225895440547288e-10
6.316523155823011057e-13
1.200751261720299551e-15
1.051296950212309364e-18
2.670637795156258441e-17
6.933045064662128251e-14
4.289311916070447889e-11
6.324103992813808191e-09
2.222072205001695439e-07
1.860662581448840144e-06
3.715503117942363563e-06
1.917059899333805248e-06
2.682229320104190107e-06
1.390315964348694438e-05
4.410738807075398116e-05
9.216491042119434617e-05
1.390303635647111350e-04
2.320332557434842842e-04
3.738902768521593480e-04
6.128529169678994994e-04
1.051061346055455611e-03
1.727301708415267950e-03
2.750019465162388457e-03
4.536842242837996371e-03
7.078623257716211252e-03
1.072553037624836801e-02
1.663475507719932092e-02
2.627657070872120929e-02
3.965822546914620633e-02
6.172793218505745472e-02
9.325181399734620846e-02
1.357320274466835841e-01
2.012047109058810457e-01
2.928943510427094443e-01
4.150872335934107094e-01
5.851015101224645854e-01
8.116658406884312837e-01
1.097821994669208046e+00
1.447112112219536950e+00
1.857365269201209035e+00
2.317142178598403213e+00
2.788581339822683969e+00
3.262334594108536656e+00
3.672803107265957046e+00
3.920588021891156405e+00
3.988434185645534757e+00
3.826703767720872840e+00
3.493587151373976241e+00
3.079116419253776993e+00
2.647627276707890331e+00
2.212630677544458191e+00
1.786462473069647228e+00
1.416379539025110601e+00
1.099459974572862153e+00
8.403824130291761563e-01
6.323094853937634152e-01
4.659242935590164336e-01
3.397021115165973493e-01
2.457372522413154015e-01
1.761003349244983640e-01
1.241524028994990259e-01
8.808129601225840599e-02
6.293819980038978246e-02
4.345694005900172657e-02
3.010906292057264136e-02
2.110216994368214680e-02
1.385615247998120761e-02
8.950416940730124976e-03
6.225385934753980763e-03
4.307669875415065172e-03
2.879684467217095284e-03
1.706286363854091388e-03
1.091459570658071063e-03
8.060512271495285817e-04
5.537297403795225391e-04
3.227706647827130373e-04
1.939465563281032032e-04
1.437305922857813818e-04
8.858497414997633325e-05
4.021340983264612808e-05
1.534244197867888873e-05
5.010988646489730381e-06
3.824002274486412621e-06
1.909190822536928920e-06
2.656678846487383221e-07
1.978638545204660423e-07
1.619724768624153365e-06
3.589660488170506826e-06
2.054404533504051948e-06
3.036104543595262672e-07
1.158632274995130533e-08
1.141754325959053851e-10
2.905345949780328738e-13
1.909067055410194028e-16
3.239236495143250018e-20
1.419261016021935892e-24
1.605757777369713225e-29
4.691329507989471765e-35
3.539239765350386641e-41
6.894807973682690943e-48
3.468426605105786588e-55
4.505479167178781859e-63
1.511289295535241459e-71
1.309038349902642263e-80
2.927893509581682938e-90
1.691049527056902098e-100
2.522060619760439922e-111
9.712988130033952045e-123
9.659359689029541883e-135
2.480515596376957195e-147
1.644878140253382560e-160
2.816590041270085130e-174
1.245408120317930696e-188
1.421994413142584997e-203
4.192588419844902873e-219
3.192013460995466909e-235
6.275456755240653751e-252
3.185841105763490134e-269
4.176389788310209008e-287
1.413761277260163908e-305
0.000000000000000000e+00
0.000000000000000000e+00
0.000000000000000000e+00
0.000000000000000000e+00
0.000000000000000000e+00
0.000000000000000000e+00
0.000000000000000000e+00
0.000000000000000000e+00
0.000000000000000000e+00
0.000000000000000000e+00
0.000000000000000000e+00
0.000000000000000000e+00
0.000000000000000000e+00
0.000000000000000000e+00
0.000000000000000000e+00
0.000000000000000000e+00
0.000000000000000000e+00
0.000000000000000000e+00
0.000000000000000000e+00
0.000000000000000000e+00
0.000000000000000000e+00
0.000000000000000000e+00
0.000000000000000000e+00
0.000000000000000000e+00
0.000000000000000000e+00
