2.057346838239774434e-01
3.012012413360997121e-01
3.978258790812801982e-01
4.909282609779058171e-01
5.811021190218758070e-01
6.709587614308228920e-01
7.615998403168779962e-01
8.534698177781043782e-01
9.461151248307374528e-01
1.036572762768494638e+00
1.125364239994451232e+00
1.211219066786691778e+00
1.294608491402089223e+00
1.374727369460913451e+00
1.449285896417778163e+00
1.519373913813444776e+00
1.583738078653232018e+00
1.642528429421916902e+00
1.695864007603772539e+00
1.742316739118627167e+00
1.782337961758435174e+00
1.815403359504693004e+00
1.841627625561979231e+00
1.861383077315906354e+00
1.874702117527428769e+00
1.882300217290332478e+00
1.884621435639362907e+00
1.881530143475518946e+00
1.872912532339015224e+00
1.859550296434246075e+00
1.841565671584956210e+00
1.818697556654722769e+00
1.791927980976355306e+00
1.762265893588046639e+00
1.729796419987479572e+00
1.694488216517766599e+00
1.656870868833047572e+00
1.617550554484377345e+00
1.576796580789298075e+00
1.534807878730805708e+00
1.491902983087915358e+00
1.448641607866340442e+00
1.405496889451435250e+00
1.362858119886575681e+00
1.320931371353244899e+00
1.279676801242874973e+00
1.239325894414193829e+00
1.199892258951087642e+00
1.161465658978621640e+00
1.124451859651722119e+00
1.088795777272779208e+00
1.054480433276678619e+00
1.021620586553293464e+00
9.900044322602623570e-01
9.595339704021297322e-01
9.303737590792625634e-01
9.026381692432700055e-01
8.762251631596090773e-01
8.510078568000198906e-01
8.269761911364509333e-01
8.042010054955417431e-01
7.827004556906085320e-01
7.623836360616376151e-01
7.431550657905594548e-01
7.249426627206042584e-01
7.075741288956204356e-01
6.908418559919224933e-01
6.745809828870431568e-01
6.587806383755758777e-01
6.436252967531613800e-01
6.292407634597214638e-01
6.155877540613374777e-01
6.026685910433926541e-01
5.904767476202621435e-01
5.788862403504910770e-01
5.677438181400504824e-01
5.569447538992334801e-01
5.464158822641149715e-01
5.361126705218168809e-01
5.261187328157417298e-01
5.165416387663055442e-01
5.074232719714547590e-01
4.987772856398232646e-01
4.905673460517114282e-01
4.827425106788202913e-01
4.752756509069609447e-01
4.681401720439406500e-01
4.612910520906612355e-01
4.546636692592914697e-01
4.482319644831248562e-01
4.420191335219996742e-01
4.360652978826929926e-01
4.303078230266085824e-01
4.241973048331043605e-01
4.160839965362180259e-01
4.025589010780155075e-01
3.783265755449988221e-01
3.377295948900128075e-01
2.787083499608508652e-01
2.070449407663167707e-01
