4.299102309289876383e-05
4.027320470770279372e-05
3.759730914626765303e-05
3.532095851052140885e-05
3.350901864067662217e-05
3.205570977828625233e-05
3.078025116199934055e-05
2.950045891688316517e-05
2.845236951870957419e-05
3.005228625037609038e-05
5.298893699737113299e-05
1.563626954034206163e-04
3.942957506108797313e-04
6.408854520741125204e-04
5.992730146826602457e-04
3.571312872458578570e-04
1.498207653128713428e-04
6.409871225687263077e-05
4.610375782463301832e-05
4.550005312314782277e-05
5.141044567341645637e-05
5.860959131450622418e-05
6.711567119840250505e-05
7.729626586737344549e-05
8.940365521283168788e-05
1.034656489935236216e-04
1.195785412143685002e-04
1.381054833392304489e-04
1.594669197187242827e-04
1.839233128710904253e-04
2.116162822617062512e-04
2.428671925129546243e-04
2.783103401396373592e-04
3.185497207460404349e-04
3.641930759910812806e-04
4.159004289317198670e-04
4.742969781642329620e-04
5.404208972692922924e-04
6.157739718706301034e-04
7.015446744097911594e-04
7.985834211534626435e-04
9.085066619588367089e-04
1.033782319777522838e-03
1.175826950200742349e-03
1.338172739398300068e-03
1.524266181504312914e-03
1.735452275004531909e-03
1.974880963662622828e-03
2.246178155065163985e-03
2.550794375864878609e-03
2.894519998971523470e-03
3.282029557881504557e-03
3.717196941733820134e-03
4.204595279610064476e-03
4.748088428080808783e-03
5.351616610997377704e-03
6.015318358469342284e-03
6.742612246871425470e-03
7.530550157204087859e-03
8.389491749775240814e-03
9.316958514858499768e-03
1.031614901257321172e-02
1.138161828678983627e-02
1.251834565763113548e-02
1.371544356289840054e-02
1.498275320536993777e-02
1.631980998699913976e-02
1.772469499307021204e-02
1.920310873768984322e-02
2.076902817431534529e-02
2.242078156700655009e-02
2.413815144618159519e-02
2.590538110926179569e-02
2.773752345490452728e-02
2.964277897482696031e-02
3.161257071503324051e-02
3.367332116825912103e-02
3.582388986635690054e-02
3.801817292343576127e-02
4.027908442661030930e-02
4.262523336689675452e-02
4.500300431592830358e-02
4.741303436884324041e-02
4.984196716724476756e-02
5.222442192230959679e-02
5.450134804839874142e-02
5.664655030329010521e-02
5.862770141153642728e-02
6.037187092909144376e-02
6.178044875929924323e-02
6.276111169009569724e-02
6.326570739213568939e-02
6.317031876888522246e-02
6.232733990528655649e-02
6.058954929326774291e-02
5.795397861124979011e-02
5.452168097443126776e-02
5.055382836279070924e-02
4.636803039467797538e-02
4.217985409549757786e-02
3.807156562952426077e-02
3.417646809310766198e-02
3.054077017846917527e-02
2.721354560244088755e-02
2.418534195781799415e-02
2.146111723626208459e-02
1.902760343548853122e-02
1.685430947205583674e-02
1.492870022483065370e-02
1.323321718821593787e-02
1.173372609412330451e-02
1.040496389818421075e-02
9.236090894004247986e-03
8.210458048285452365e-03
7.307508654483123832e-03
6.516924527251374832e-03
5.818621244168982291e-03
5.203656046131615101e-03
4.665086346505340625e-03
4.190911124132630679e-03
3.773876253516452416e-03
3.405095956341196682e-03
3.074736592212335383e-03
2.777977887214769150e-03
2.516093310187644729e-03
2.287413931986532947e-03
2.086689718255270009e-03
1.908455462608278598e-03
1.748050841938521630e-03
1.605965541418305801e-03
1.483312169584978957e-03
1.377498699514788979e-03
1.284649812050045817e-03
1.203829224222738910e-03
1.136244872463570369e-03
1.080589005956929466e-03
1.032136310007763505e-03
9.912983246398176813e-04
9.529353253986482626e-04
9.146387145436851327e-04
8.764076004525492812e-04
8.371886558517950680e-04
7.825188392464682780e-04
7.322066147883135763e-04
6.745899174027146289e-04
6.149032376081181627e-04
5.599520028481835571e-04
5.017922932472122484e-04
4.518462818171666050e-04
4.056751058500506022e-04
3.608896938306065550e-04
3.247974987266728482e-04
2.938268602365459118e-04
2.666465217344250803e-04
2.441532954796307719e-04
2.247064069711578367e-04
2.070410726578361942e-04
1.920974300494073677e-04
1.781186905319001926e-04
1.651250200426152069e-04
1.535363816323712821e-04
1.430293964139076426e-04
1.333352806059447809e-04
1.248520456958421331e-04
1.172962761806489712e-04
1.102598141953360731e-04
1.035834877914442278e-04
9.732302418427136927e-05
9.151184355355593074e-05
8.617920999143038863e-05
8.133932353192758211e-05
7.697275954844473675e-05
7.304427948119186569e-05
6.936916296372829275e-05
6.579392215812416536e-05
6.229560768589590606e-05
5.894076464714294788e-05
5.579805226788648101e-05
5.287829333442139345e-05
5.015986258952316433e-05
4.762301187901345342e-05
4.524761242711410351e-05
4.301247304245022987e-05
4.090613878451981021e-05
3.892074658907996692e-05
3.704978613661597279e-05
3.529897176716257452e-05
3.367182551678476912e-05
3.214702398866491160e-05
3.069338886023942461e-05
2.930325633042477862e-05
2.799326638274710291e-05
2.677688219780406881e-05
2.564924144547544075e-05
2.459444167364129989e-05
2.359814123868548104e-05
2.265381561426501453e-05
2.176140891742063972e-05
2.092307937980002802e-05
2.014020988375832261e-05
