2.564051136678937424e-08
1.472406939727173812e-09
2.957992537179173678e-09
2.963426387330008447e-08
2.049072033462927362e-07
9.624797264105655900e-07
3.071033989899527241e-06
6.657120927832730337e-06
9.813923601988027221e-06
9.933374374364536776e-06
7.548861743091996755e-06
7.524467395020534737e-06
1.787651616945666380e-05
4.944985571434808131e-05
1.097522682171640844e-04
1.879177435098875924e-04
2.576325369218737042e-04
3.152753873313073334e-04
3.919934636783172443e-04
5.022854952463916322e-04
6.334553955231716138e-04
8.113983202178877549e-04
1.094677909560945505e-03
1.525054579435124961e-03
2.185049971361808802e-03
3.192166016744436754e-03
4.560979384300664803e-03
6.194837481051602979e-03
8.123826571289976053e-03
1.068855448479232202e-02
1.422241392602152134e-02
1.881189239837236654e-02
2.459748704202468356e-02
3.187702418612992777e-02
4.107733197044188822e-02
5.238918786508695025e-02
6.649197985192213667e-02
8.496395664903591549e-02
1.089769637773257416e-01
1.397929689900833106e-01
1.794934963600566258e-01
2.289258972842245776e-01
2.888808091982284498e-01
3.618158477133563977e-01
4.507944082439319655e-01
5.597953496596967948e-01
6.920907670048235261e-01
8.469019948602487524e-01
1.027936038226681337e+00
1.240527360054886508e+00
1.495848768848683896e+00
1.802481987692971410e+00
2.153028143500956837e+00
2.542917915355377367e+00
2.983611665384510392e+00
3.475435157369107131e+00
4.020642386453640249e+00
4.617053580258295042e+00
5.257803956811520685e+00
5.942566801468002424e+00
6.627012278928742894e+00
7.326716606696153988e+00
8.015598049800065183e+00
8.684866825601181617e+00
9.339704777207284536e+00
9.945060536671128659e+00
1.043134089093988770e+01
1.080577579166926050e+01
1.101369234868175617e+01
1.104107247065221031e+01
1.091994770423219130e+01
1.062058952903836051e+01
1.023243810987186819e+01
9.739660267361932355e+00
9.160990489489691413e+00
8.540900216356403618e+00
7.907476289561192750e+00
7.271645985962652325e+00
6.655510763393988505e+00
6.054163908139181594e+00
5.466153575165309420e+00
4.910077753365355235e+00
4.382014187184794629e+00
3.895007701604308092e+00
3.445433669475296945e+00
3.029831032700187610e+00
2.649694601875918210e+00
2.312054352943931690e+00
2.010216069787988946e+00
1.738598261224905572e+00
1.499264432862273067e+00
1.294189370691593011e+00
1.115579038631902664e+00
9.588060042752897250e-01
8.245614465621211586e-01
7.087725390109744783e-01
6.041848141724682764e-01
5.120222445318530768e-01
4.333005223836036146e-01
3.656335695094043992e-01
3.087551406072142623e-01
2.612089884324280131e-01
2.206133416720046647e-01
1.868092070197279186e-01
1.589147511979831506e-01
1.344542006290269931e-01
1.128292116438767007e-01
9.490901480450160410e-02
8.010580201170389159e-02
6.766166546018562156e-02
5.724422980036063258e-02
4.845954558520094296e-02
4.092717758206066564e-02
3.415064448803700053e-02
2.802118018884874884e-02
2.267608331125647164e-02
1.835474186214188647e-02
1.513565793726807419e-02
1.280360251011031583e-02
1.098460988071094623e-02
9.408354299817090274e-03
7.909638096705112753e-03
6.545821152483616290e-03
5.455964253019794132e-03
4.558986096090879292e-03
3.732644178373757844e-03
2.978592082277449569e-03
2.370801659770537320e-03
1.939006867549511242e-03
1.613203859250508972e-03
1.317367822032600904e-03
1.055169095018369156e-03
8.620739499973179920e-04
7.367183866107176451e-04
6.272523576513618863e-04
5.107341528988091663e-04
4.191909376808606409e-04
3.590695597416033286e-04
3.092027530557305785e-04
2.655537990009618795e-04
2.332750985936909559e-04
2.056356816130826997e-04
1.711911651052581680e-04
1.298156415762874070e-04
8.963589243205077601e-05
5.637164367717550429e-05
3.119869352268281272e-05
1.411543304223871823e-05
4.834929070081493746e-06
1.299819252311127260e-06
8.055049439831041222e-07
2.043732470778061447e-06
4.773581636980191826e-06
8.027331289642474166e-06
9.623693207615979616e-06
8.222762732829505490e-06
5.007200489372590812e-06
2.173071031272770494e-06
6.721934139325322729e-07
1.490909303458115824e-07
3.286644748981335016e-08
7.307387440901037525e-08
3.692353961567931218e-07
1.377310399880813529e-06
3.663521115853247833e-06
6.944968655520166224e-06
9.383028559239904863e-06
9.034765596010384215e-06
6.200002188984922956e-06
3.032270203914372678e-06
1.056927155203057652e-06
2.625568275189491555e-07
4.648391284985299748e-08
5.865204276945877964e-09
5.274298547878118183e-10
3.380238763143016600e-11
1.543942593960600331e-12
5.025925209854915619e-14
1.166009253001995902e-15
1.927920290953117104e-17
2.271837446899341183e-19
1.907948006314468892e-21
1.141975849238234890e-23
4.871339583965978251e-26
1.480952038387092403e-28
3.208741153237840533e-31
4.954838197130652329e-34
5.452872860329349124e-37
4.276833751559625130e-40
2.390674603169738911e-43
9.524006196441626788e-47
2.704082719672618406e-50
5.471688667013796552e-54
7.890851792180110909e-58
8.110124039056077645e-62
5.940625960536650301e-66
3.101258896986008211e-70
1.153838271227609361e-74
3.059517619487574772e-79
5.781786883845512868e-84
