5.208447468168917642e-04
5.486133130078246160e-04
5.775722908282651625e-04
6.076475161041299238e-04
6.390407987033214785e-04
6.720691969870259399e-04
7.070091568046573457e-04
7.441277333717416162e-04
7.837871597134206392e-04
8.263873835397193401e-04
8.722111111006151593e-04
9.216378359561330910e-04
9.751418724590211595e-04
1.032824796426224778e-03
1.094404287698809864e-03
1.159651356006332311e-03
1.228724526826795562e-03
1.302358122695130736e-03
1.381907095434648609e-03
1.468373951271365312e-03
1.561774588585173153e-03
1.662049427091587218e-03
1.769383542358481717e-03
1.883685635871384803e-03
2.004491370707972737e-03
2.133107724785880156e-03
2.272679838935007506e-03
2.425573669336561315e-03
2.592273266460803915e-03
2.771658731566211883e-03
2.962999523270309042e-03
3.167600950843794776e-03
3.388754663567986915e-03
3.628771872020985188e-03
3.887088840035884084e-03
4.164284711538701091e-03
4.460576940564701595e-03
4.776387972271759624e-03
5.115532569946379914e-03
5.480790550518449544e-03
5.877126518497563339e-03
6.308719414486099915e-03
6.777762455128050374e-03
7.286552663304131199e-03
7.829921296716503901e-03
8.406602540165957968e-03
9.028411147059371700e-03
9.703450685537171050e-03
1.043612482167406881e-02
1.122328592877645803e-02
1.206984698555651353e-02
1.298644836988883250e-02
1.397302193057369316e-02
1.503227354634698032e-02
1.616246339810522431e-02
1.737021565369505777e-02
1.864769653209851635e-02
2.000370926764895307e-02
2.143636698128909002e-02
2.294089871885727008e-02
2.451786679398971353e-02
2.614427166973253697e-02
2.777682910145160347e-02
2.946488649148031741e-02
3.118839999720186135e-02
3.288796715976814028e-02
3.453291606705590627e-02
3.612560936693433311e-02
3.765547825326602538e-02
3.903990103391808547e-02
4.026583542764603646e-02
4.127550084701153699e-02
4.205160771955569060e-02
4.258336551354203331e-02
4.286721520105952338e-02
4.284040202119206164e-02
4.255795317771250696e-02
4.195871462860287227e-02
4.103398864647250094e-02
3.986137825796563089e-02
3.840973815270898317e-02
3.677689830618144362e-02
3.500825868900223070e-02
3.314308614350582050e-02
3.121728728241590992e-02
2.927169108484681259e-02
2.736809950822356730e-02
2.549842355498260771e-02
2.368657994438509370e-02
2.194685756516457503e-02
2.031481210197606802e-02
1.877456315205368320e-02
1.734854730424360142e-02
1.603441692552898951e-02
1.479422881921218721e-02
1.363285542989305446e-02
1.256074777958762767e-02
1.157898090526669581e-02
1.067641033453423614e-02
9.839973543663560474e-03
9.070343458067987863e-03
8.373218528673101804e-03
7.742957685238838726e-03
7.168513523010969224e-03
6.632419665962193019e-03
6.135727676283045731e-03
5.679879766240333860e-03
5.265363124896627230e-03
4.886153825515280984e-03
4.534804612366243569e-03
4.208102856928848216e-03
3.905379961368739879e-03
3.625613409776971656e-03
3.367357536138261467e-03
3.129067465195299949e-03
2.910424189668226868e-03
2.708386557675811039e-03
2.520936335156477321e-03
2.347394208112615725e-03
2.185924261669107069e-03
2.036282712496507476e-03
1.897720672164655408e-03
1.769292719167381896e-03
1.649554128629572396e-03
1.538256415276618430e-03
1.436426045872107090e-03
1.344322102600080783e-03
1.260157381352433603e-03
1.181345954246117332e-03
1.106668204661396442e-03
1.036847081363632224e-03
9.728255195568961738e-04
9.141928129691070503e-04
8.600687569837548330e-04
8.099351760484139280e-04
7.630272617333386676e-04
7.187255119505351611e-04
6.768722437713691050e-04
6.376343586238688698e-04
6.011230560776456306e-04
5.671072207742214582e-04
5.354583705092293578e-04
5.061922308898466651e-04
4.791804022576267338e-04
4.541724168636083851e-04
4.309101478695753686e-04
4.092150269301534108e-04
3.889496035295827883e-04
3.699877447969115974e-04
3.521847369642907145e-04
3.354340292721226633e-04
3.197178314114373790e-04
3.049807567707299005e-04
2.910838198953736309e-04
2.779245947457017747e-04
2.655009541878195259e-04
2.537867450477560602e-04
2.426660306036810177e-04
2.320398661775768942e-04
2.219011100820242680e-04
2.123166195732493588e-04
2.033623249331731504e-04
1.950436454018683922e-04
1.872882198646291612e-04
1.799953895393610680e-04
1.730886578197597442e-04
1.665639209403059462e-04
1.604755151968401431e-04
1.548583030259103406e-04
1.496707459965593073e-04
1.447994158805347969e-04
1.401142741338347124e-04
1.355427237079414725e-04
1.311000130212324366e-04
1.268466940834956866e-04
1.228277547998896319e-04
1.190548620235683735e-04
1.155234559501332517e-04
1.122221698082887924e-04
1.091236410240704863e-04
1.061783506865569951e-04
1.033288745259562603e-04
1.005377293592232075e-04
9.780368321720438109e-05
9.514882107390486158e-05
9.259040518308904542e-05
9.012887599991740886e-05
8.776032071321186062e-05
8.549102895233018297e-05
8.333427035599033346e-05
8.129660665863688873e-05
7.937341586183436256e-05
7.755707410422315413e-05
7.584397956288357846e-05
7.423056790744569195e-05
7.270330253195705808e-05
7.123573224887983575e-05
6.979979949732953285e-05
6.838306068849566398e-05
6.699496081906402981e-05
