2.099618865366733797e-02
3.753519139762213908e-02
5.535384279162579302e-02
8.355841877914318983e-02
1.381663829760302331e-01
2.372631989429513644e-01
3.906974851677882388e-01
5.960948116309644496e-01
8.345869196128242740e-01
1.057746170796462160e+00
1.183909349465626093e+00
1.139628534819720374e+00
9.385099553125068050e-01
6.808174125116044362e-01
4.603712323962430020e-01
3.083738070502730078e-01
2.133005344683822080e-01
1.555746922717363701e-01
1.194954719477524796e-01
9.572734617559049142e-02
7.951509014267893471e-02
6.764964431341795315e-02
5.873822343333635898e-02
5.207934675636466393e-02
4.668576747708003821e-02
4.223117172436264416e-02
3.855370524165107476e-02
3.541508965156116989e-02
3.280810990247783748e-02
3.061820620982458677e-02
2.884896371393423989e-02
2.706745902458684155e-02
2.550704524506701432e-02
2.399723695752145960e-02
2.261091092946030182e-02
2.155616947654332566e-02
2.071798620169974792e-02
1.992144429790122101e-02
1.912294915487409985e-02
1.836656645321563947e-02
1.755933483370168691e-02
1.680981121441055617e-02
1.619092746180587558e-02
1.564320325679412205e-02
1.514844410046820716e-02
1.456105997652249601e-02
1.400899556774837587e-02
1.356801622476213644e-02
1.316245171040731667e-02
1.277444014172516781e-02
1.249731117959406411e-02
1.216882653378960170e-02
1.181497333115206008e-02
1.147636699282686759e-02
1.114092246278309238e-02
1.080798604163393795e-02
1.051837421607986454e-02
1.024282234321293936e-02
9.995806051128470690e-03
9.773193013174712521e-03
9.514201921324936390e-03
9.285825774545411471e-03
9.122530828673380138e-03
8.924801509044705261e-03
8.694813093406321761e-03
8.421093814303835454e-03
8.184887884332220365e-03
8.039033863225908405e-03
7.897690764969860638e-03
7.761087074350257568e-03
7.582844065230355014e-03
7.385371272089469828e-03
7.217639697419318129e-03
7.067715600384862941e-03
7.001144573893502976e-03
6.980775315798644007e-03
6.910909299168237728e-03
6.769464760018321925e-03
6.584527282459558088e-03
6.468182599221329945e-03
6.406057131264969104e-03
6.322673752047472916e-03
6.215233887262117639e-03
6.085385961398023270e-03
5.977843575782919652e-03
5.881582887647679100e-03
5.850426275314336150e-03
5.853912201912116545e-03
5.802493646534585131e-03
5.713788046000306889e-03
5.591671204172106620e-03
5.489731561097814343e-03
5.384240548892431713e-03
5.295505311633446309e-03
5.256853484957755077e-03
5.216461569684524742e-03
5.143223466766192256e-03
4.872205277790834718e-03
4.115046699553506077e-03
2.717859757299414571e-03
