2.472961509453353857e-01
2.904590918232415886e-01
3.062503332952327129e-01
2.955544002712729434e-01
2.676564528930859832e-01
2.339879329929805685e-01
2.028128772721600748e-01
1.776553421860513349e-01
1.586247885201431673e-01
1.444151316422452591e-01
1.336098185171063768e-01
1.251499355857423057e-01
1.183453018065774021e-01
1.127571673400873248e-01
1.080946179909104271e-01
1.041527302735085897e-01
1.007820254355692585e-01
9.787370051101426660e-02
9.534985991822994555e-02
9.315389383313285587e-02
9.124057478834807222e-02
8.956825168771952173e-02
8.809605096363065657e-02
8.678645441678059513e-02
8.560989270794103212e-02
8.454664502262135284e-02
8.358389949803184116e-02
8.271023377541431021e-02
8.191216019673661086e-02
8.117559873555658945e-02
8.049081585136237671e-02
7.985629920446567220e-02
7.927775588415633679e-02
7.876236145982215553e-02
7.831249426265350644e-02
7.792377183893872683e-02
7.758803441922475230e-02
7.729691906768369758e-02
7.704181301610303623e-02
7.681142309584686190e-02
7.659198160380019382e-02
7.637216390305899549e-02
7.614879734721748117e-02
7.592780537170841504e-02
7.571931955534227932e-02
7.553111333299319941e-02
7.536503322160789664e-02
7.521757058422876008e-02
7.508270521602085357e-02
7.495484642146466037e-02
7.483061346354019649e-02
7.470909242765792768e-02
7.459123319416666176e-02
7.447946911638260448e-02
7.437754963928314145e-02
7.428945991924010284e-02
7.421716547270371112e-02
7.415876468921697717e-02
7.410886349437585674e-02
7.406117765949997434e-02
7.401148479106094136e-02
7.395896215553646180e-02
7.390565369096624426e-02
7.385541625418826084e-02
7.381339267061742815e-02
7.378539820838111996e-02
7.377593918147430652e-02
7.378512401979198110e-02
7.380684766112384498e-02
7.383044529454729776e-02
7.384506800495589662e-02
7.384357154981809057e-02
7.382363919951434594e-02
7.378672116178885965e-02
7.373670014392230687e-02
7.367923099465079062e-02
7.362124920838948594e-02
7.356968849253124609e-02
7.352942089845816709e-02
7.350200279231054734e-02
7.348672433144048943e-02
7.348287047982572651e-02
7.349012331744658733e-02
7.350603104690917045e-02
7.352350810005503501e-02
7.353225133921152679e-02
7.352444823011031194e-02
7.350093846943601961e-02
7.347262171007588882e-02
7.345400722658347592e-02
7.344978010702188365e-02
7.343650494728594380e-02
7.333456170085142500e-02
7.295509958837147202e-02
7.191761188573744801e-02
6.958975155523682010e-02
6.517309849829196200e-02
5.803866097645549865e-02
4.821763890493051957e-02
3.669898563774077332e-02
