2.436846733793821274e-01
3.308604838304555207e-01
4.135450175946369655e-01
4.844374586229571733e-01
5.414648662282471880e-01
5.866398943656191411e-01
6.235142079321580599e-01
6.552118449783272958e-01
6.837531188378653813e-01
7.102556492337737115e-01
7.353368331145866410e-01
7.593587738523381869e-01
7.825283439181746070e-01
8.049466910286174892e-01
8.266303612717788019e-01
8.475255512586764572e-01
8.675508124800420662e-01
8.866542257007858918e-01
9.048275861586436708e-01
9.220701560376993733e-01
9.383663933628851872e-01
9.537054774576603222e-01
9.681080342324465127e-01
9.816348343118067588e-01
9.943675208729416681e-01
1.006379702938733578e+00
1.017724979456425149e+00
1.028420209532930230e+00
1.038424218785533260e+00
1.047660329788953959e+00
1.056081460863959709e+00
1.063711755923572033e+00
1.070628804426552172e+00
1.076927717358476144e+00
1.082704388721168254e+00
1.088041950185268281e+00
1.092984854916875692e+00
1.097516394265284578e+00
1.101584704569949169e+00
1.105183961685271221e+00
1.108393720848571684e+00
1.111306707211524802e+00
1.113940362286812924e+00
1.116245786851292721e+00
1.118179519067476591e+00
1.119753678795051721e+00
1.121038030120554474e+00
1.122131324379064266e+00
1.123133637720702849e+00
1.124126955446397069e+00
1.125155386309862449e+00
1.126205469819491656e+00
1.127191357086036128e+00
1.127979379662699788e+00
1.128471617676213956e+00
1.128674409603650952e+00
1.128672593093383858e+00
1.128538248892165363e+00
1.128274827204841735e+00
1.127857156973833375e+00
1.127309119984748476e+00
1.126714329239928869e+00
1.126149473017918234e+00
1.125619663230089218e+00
1.125066340872357573e+00
1.124436642702686617e+00
1.123726436080529023e+00
1.122957397065757368e+00
1.122141187805635099e+00
1.121269057604971309e+00
1.120326218191991519e+00
1.119318060899747502e+00
1.118277299668095415e+00
1.117245023370180501e+00
1.116248938749870634e+00
1.115292549494915519e+00
1.114359562639788859e+00
1.113423185470709731e+00
1.112439675417443263e+00
1.111347567624134003e+00
1.110104106752450859e+00
1.108711604301006348e+00
1.107196856039625255e+00
1.105597457413429963e+00
1.103974595776356926e+00
1.102398852220123127e+00
1.100890348238857896e+00
1.099378300360893013e+00
1.097757102574298926e+00
1.095998724722748507e+00
1.094162604936753880e+00
1.092173741095097128e+00
1.089289977239570106e+00
1.083114969903619995e+00
1.068162802101360054e+00
1.034799973021180985e+00
9.704660991673851322e-01
8.648397724790455321e-01
7.177004788234314647e-01
5.440513086003680998e-01
