2.730488347099881974e-01
3.689776714583846151e-01
4.482393295177597992e-01
5.110138641664970782e-01
5.580295063044278248e-01
5.923192598304646284e-01
6.182865204461361897e-01
6.397954327538151187e-01
6.590883222820322906e-01
6.771002738340912153e-01
6.941830213186183096e-01
7.105497655644459343e-01
7.262823666058199068e-01
7.416188876162363997e-01
7.566473439080633190e-01
7.713384360321279276e-01
7.856227001146335320e-01
7.995023722059781957e-01
8.129076192395108258e-01
8.258450245204345119e-01
8.383330147404799426e-01
8.504086976233682371e-01
8.621615591722929794e-01
8.735996356500004278e-01
8.847602947651203031e-01
8.956258612350764814e-01
9.061816154126508538e-01
9.164020521635883876e-01
9.262703459995023092e-01
9.357995332616154682e-01
9.450167078201199278e-01
9.539447322133792762e-01
9.626061206071976351e-01
9.710175228977898643e-01
9.792148998099047263e-01
9.871899455695886116e-01
9.949203503142871607e-01
1.002402083319491100e+00
1.009651495122372289e+00
1.016710709478615637e+00
1.023644821466013655e+00
1.030472065520266600e+00
1.037172785732441538e+00
1.043705066368937784e+00
1.050024569383154693e+00
1.056150799718508004e+00
1.062105148659847176e+00
1.067909966491531248e+00
1.073595190054365434e+00
1.079185930874120514e+00
1.084682331493690643e+00
1.090063495528457604e+00
1.095294422260151057e+00
1.100373800735611196e+00
1.105322655217039429e+00
1.110200069967683278e+00
1.115054498800384541e+00
1.119890038769165708e+00
1.124676278208800007e+00
1.129381701131359828e+00
1.133981501353203747e+00
1.138438524386994111e+00
1.142734449053313339e+00
1.146871047419641521e+00
1.150857831592726699e+00
1.154696343295273708e+00
1.158374038438553688e+00
1.161876922789749411e+00
1.165197904228649106e+00
1.168398974502473209e+00
1.171569899581735852e+00
1.174796775908643953e+00
1.178111609566045548e+00
1.181514008263400584e+00
1.184967366791677135e+00
1.188412016699312845e+00
1.191801668037876460e+00
1.195091741443319089e+00
1.198274100319218771e+00
1.201343353787716062e+00
1.204319427452904767e+00
1.207247239264504390e+00
1.210173364912461524e+00
1.213139397390160523e+00
1.216151771535064929e+00
1.219144345990714307e+00
1.222025612533723216e+00
1.224720213559744364e+00
1.227238830493270427e+00
1.229627825806454133e+00
1.231869383288265229e+00
1.233681198358311581e+00
1.234008092415116886e+00
1.229937573847168730e+00
1.215094924048338632e+00
1.178514603236044511e+00
1.106154070000898493e+00
9.867214805838735447e-01
8.203783601140395287e-01
6.240982180139696966e-01
