4.809121464379508557e-04
6.169180286671772928e-04
7.398254308544123135e-04
8.399296188957721971e-04
9.166789753444673896e-04
9.750838474125219507e-04
1.020872043600925096e-03
1.057694558202510338e-03
1.088319882295495696e-03
1.116378896908889291e-03
1.145345356107862469e-03
1.176886343917121379e-03
1.210943219330322266e-03
1.246666646451853209e-03
1.282052496629404372e-03
1.315660395403043820e-03
1.348670884974247910e-03
1.382428829140908057e-03
1.417125856351310808e-03
1.452487321107058830e-03
1.489512066729088962e-03
1.530592943754866464e-03
1.577002836226574622e-03
1.629116140067261072e-03
1.685942578351528947e-03
1.744578356692051647e-03
1.803058743222608418e-03
1.860879528661187922e-03
1.919925069412756853e-03
1.984159636988303780e-03
2.054873909560952627e-03
2.127925763457110594e-03
2.199864059453776697e-03
2.273904142113185572e-03
2.351799470433704482e-03
2.431393119340014442e-03
2.515312551474223508e-03
2.608604278855427075e-03
2.712621771696606052e-03
2.824369322033112167e-03
2.940912630826483885e-03
3.064710927313910559e-03
3.198551771147103203e-03
3.345233380509305895e-03
3.509909418770789605e-03
3.690035886466348607e-03
3.876964267953906130e-03
4.064599442299003315e-03
4.257684654726298645e-03
4.466927485401281546e-03
4.695059134887544401e-03
4.942792242020468442e-03
5.214317397906090452e-03
5.515006873684296165e-03
5.844481986936028890e-03
6.195631901830886933e-03
6.569016178423126538e-03
6.977176948775478185e-03
7.435287040203644726e-03
7.945690105859177371e-03
8.499837220904089830e-03
9.108919331106453063e-03
9.780424383842968930e-03
1.051415191281208049e-02
1.133607342862996172e-02
1.224977465459510181e-02
1.325676396591167483e-02
1.438319438479114185e-02
1.565585848025794619e-02
1.708928795604416559e-02
1.871053565742876804e-02
2.054527233215315898e-02
2.259204177266369365e-02
2.489565509932668147e-02
2.752021558219377995e-02
3.053598065245499704e-02
3.399630013410539359e-02
3.796843422575606891e-02
4.256772221124240085e-02
4.786713949629099740e-02
5.396992161825050344e-02
6.104445126825420315e-02
6.919809202590736230e-02
7.852254652846442362e-02
8.917832675662205888e-02
1.013280515597980991e-01
1.151248384839814037e-01
1.302578796278312800e-01
1.463886232871893789e-01
1.630577304960817153e-01
1.799999831623313173e-01
1.967475250336340742e-01
2.129033111145895441e-01
2.279236847754487205e-01
2.411325530176219034e-01
2.524517066732912540e-01
2.622842656159158903e-01
2.702868205464142304e-01
2.764145567841000961e-01
2.809451829554553970e-01
2.838461094632616089e-01
2.850270322757319508e-01
2.844960964680872118e-01
2.825622577725879214e-01
2.797693797801689142e-01
2.755681640728173676e-01
2.701210891231169420e-01
2.631586762225732734e-01
2.550364863394458670e-01
2.461153722947408140e-01
2.364699698169638042e-01
2.260723010791710341e-01
2.149984056576007552e-01
2.038246037879914985e-01
1.921974886121592119e-01
1.802587344510862555e-01
1.684970179543516799e-01
1.570290713059591392e-01
1.458191211384833041e-01
1.348384042013403283e-01
1.242080185385129321e-01
1.142982361114362466e-01
1.049977771347021527e-01
9.614139033240023946e-02
8.783639496008874281e-02
8.004857075633795005e-02
7.276712167167655176e-02
6.601882291312206885e-02
5.989195483704395223e-02
5.430048081285378941e-02
4.910688575680254714e-02
4.436789828206399999e-02
4.008786780003639055e-02
3.615751548380524705e-02
3.256684349621116747e-02
2.933158251485958046e-02
2.641839961264382322e-02
2.378405931067838902e-02
2.139307110886473975e-02
1.922958711386932307e-02
1.727448849047291679e-02
1.551669297659010772e-02
1.395685364051888790e-02
1.255225238069566408e-02
1.128323787992679093e-02
1.013686459654813271e-02
9.101867321541598499e-03
8.188435126705809891e-03
7.385972254849521024e-03
6.666782728367974011e-03
6.025897304457408614e-03
5.450672491526157605e-03
4.921973615088386968e-03
4.437651906987339322e-03
4.000889110203629737e-03
3.616146254008176675e-03
3.279163328313385462e-03
2.979195847611257678e-03
2.712350764588122073e-03
2.477433254423570992e-03
2.268345734324047486e-03
2.077935583391816998e-03
1.903103807387843604e-03
1.744666746527433372e-03
1.602029235496417545e-03
1.473249855636159190e-03
1.357776475109823220e-03
1.254789673725069084e-03
1.162521127148790755e-03
1.078433220195623189e-03
1.000644272029699300e-03
9.282242820026830954e-04
8.609850432358725483e-04
7.990371816832717803e-04
7.421768679013823712e-04
6.905270294813404619e-04
6.443254528511791444e-04
6.031842059240023410e-04
5.663797482840046303e-04
5.329730605675716366e-04
5.019709360479200763e-04
4.727881110163553160e-04
4.452748812988451595e-04
4.193102114844778744e-04
3.946665537153568829e-04
3.712581357489056757e-04
3.492057272612627693e-04
3.286073784972582952e-04
3.093735500364514922e-04
2.912780485787720935e-04
2.740207747683600726e-04
2.572224696967803691e-04
2.404760418967971951e-04
2.233630203775278402e-04
2.054123744763336815e-04
1.861526479707512494e-04
1.652747304708507216e-04
1.428360742957541997e-04
1.193929742652801573e-04
9.594956016047521410e-05
