3.762824387348189664e-03
3.984565530107197530e-03
4.173873321471310328e-03
4.325432118860910412e-03
4.434694519152583211e-03
4.498397970826433466e-03
4.515005262003057157e-03
4.484839445163322016e-03
4.409803741011518972e-03
4.292782671403754836e-03
4.136998642867298695e-03
3.945640922250117678e-03
3.721953362486634526e-03
3.469724158878226099e-03
3.193897995694608156e-03
2.900955556273819309e-03
2.598818298013645580e-03
2.296265124809794902e-03
2.002057154984799529e-03
1.724051165712623193e-03
1.468527303354297481e-03
1.239830874219024570e-03
1.040319220812092839e-03
8.705584537685056353e-04
7.297189232383900033e-04
6.161313259694201983e-04
5.279575120695917129e-04
4.639057782520020928e-04
4.239100887910408704e-04
4.097222210533936395e-04
4.254299958750845006e-04
4.779809358259564690e-04
5.778315694203978821e-04
7.398588206822264172e-04
9.846760435623857707e-04
1.340495797461912835e-03
1.845670580977978393e-03
2.552031904395476655e-03
3.529161477504034420e-03
4.869779384656078118e-03
6.696512390145520875e-03
9.170388513129025185e-03
1.250147482410952915e-02
1.696212756290463655e-02
2.290335237892157302e-02
3.077475065636835552e-02
4.114835986304601206e-02
5.474616724885304764e-02
7.246987540070512490e-02
9.542939859345551945e-02
1.249637318042377682e-01
1.626450074018369052e-01
2.102549235314072895e-01
2.697231576217398730e-01
3.430188534344486007e-01
4.319847968951459061e-01
5.380936911249852850e-01
6.620820664811084555e-01
8.033880991473896227e-01
9.593381558816854726e-01
1.124187134082730299e+00
1.288452290123897059e+00
1.439293832551482799e+00
1.562507987848984703e+00
1.645791989911713049e+00
1.682022992935997108e+00
1.671125258483987963e+00
1.619636430371050206e+00
1.538098285390536946e+00
1.437554679529017942e+00
1.327122800927366564e+00
1.213571854645593140e+00
1.101825525980661080e+00
9.952514034861859038e-01
8.958547617541549046e-01
8.046317824965444343e-01
7.219135922627958335e-01
6.475742812676064109e-01
5.811503540203686313e-01
5.219492478826216475e-01
4.691747209953032183e-01
4.220404940079787726e-01
3.798354609575206320e-01
3.419453320853294565e-01
3.078529179868863541e-01
2.771242520063232906e-01
2.493873321340202287e-01
2.243129778393661011e-01
2.016018020028933211e-01
1.809767589879446303e-01
1.621790556352662727e-01
1.449667338733927890e-01
1.291176821273311570e-01
1.144371407711916033e-01
1.007665579071865686e-01
8.799101084214756840e-02
7.604409053135267882e-02
6.490871084811646041e-02
5.461140595007186321e-02
4.520889423500873416e-02
