2.045140961149984338e-01
2.768487401645835511e-01
3.354261263258881964e-01
3.738194063401280021e-01
3.940257903983928056e-01
4.022940540003436261e-01
4.045240044746485908e-01
4.043603148710540052e-01
4.035033991434838208e-01
4.025874010785842061e-01
4.017783925226744990e-01
4.010665971513550088e-01
4.004087836719131821e-01
3.997819275510525738e-01
3.991754175818393313e-01
3.985722095428491651e-01
3.979496829382991874e-01
3.972883115701459356e-01
3.965720553895800138e-01
3.957862517946076908e-01
3.949234312841184424e-01
3.939913053611968086e-01
3.930098535014382999e-01
3.920011664905250770e-01
3.909882471413840266e-01
3.900003839792160476e-01
3.890632808984878510e-01
3.881710563047875984e-01
3.872696718582510633e-01
3.862773013362492680e-01
3.851303591402089888e-01
3.838204469170096167e-01
3.823986903978850993e-01
3.809484860640974246e-01
3.795413755381732424e-01
3.781962243227070530e-01
3.768674673587158463e-01
3.754784691809462394e-01
3.739770652998498646e-01
3.723585424183024628e-01
3.706339215234167317e-01
3.687936013646718192e-01
3.668229448132268589e-01
3.647462470321002348e-01
3.626297021466163839e-01
3.605341326609812214e-01
3.584777002161489978e-01
3.564458556848394410e-01
3.544183347139199247e-01
3.523720143209476130e-01
3.502647641743468210e-01
3.480345450923562067e-01
3.456273009487349501e-01
3.430321633047311303e-01
3.402936947372270926e-01
3.374896555826247813e-01
3.346879893028499309e-01
3.319135501657144438e-01
3.291504225507874137e-01
3.263725606650847988e-01
3.235661829713576410e-01
3.207257152981603521e-01
3.178458016183785539e-01
3.149286285080505343e-01
3.119894101143715903e-01
3.090441619489287528e-01
3.060978289362075722e-01
3.031484138106198545e-01
3.001913793472117398e-01
2.972143736422970250e-01
2.942007793847183916e-01
2.911480098742931233e-01
2.880739207675530045e-01
2.849975012911274974e-01
2.819203661437906794e-01
2.788342280592456812e-01
2.757385639380329212e-01
2.726394263232197468e-01
2.695320653033342340e-01
2.663939333704981038e-01
2.632006437524366804e-01
2.599501632345335156e-01
2.566699165216348999e-01
2.533979223766937849e-01
2.501580936361842977e-01
2.469529127654389866e-01
2.437662505867036478e-01
2.405596446581629022e-01
2.372785417767592775e-01
2.338894432114602961e-01
2.304137819658975961e-01
2.269016996457873248e-01
2.233376780119202265e-01
2.194768986126805488e-01
2.145439362486956936e-01
2.068060216115824024e-01
1.934487838499376611e-01
1.715470534849194983e-01
1.402994574440682707e-01
1.029756330645527768e-01
