2.481179128856077776e-01
2.629763060847656320e-01
2.743627365516536631e-01
2.819748180945086946e-01
2.857229440351322092e-01
2.857274028559947943e-01
2.822959646365406083e-01
2.758857884683443285e-01
2.670552870780306121e-01
2.564123562249591703e-01
2.445651014766176135e-01
2.320800436128256927e-01
2.194510682364574361e-01
2.070804757699987453e-01
1.952717298138839097e-01
1.842321495393612063e-01
1.740829767884987389e-01
1.648739789709990078e-01
1.565999356648136998e-01
1.492168543236570555e-01
1.426564083690967100e-01
1.368377483028873909e-01
1.316764023713558052e-01
1.270904032070457046e-01
1.230040378274559337e-01
1.193497375780644548e-01
1.160686358818479452e-01
1.131102634696463105e-01
1.104317577813194312e-01
1.079968618258368845e-01
1.057748949400363625e-01
1.037398022599637787e-01
1.018693338434682044e-01
1.001443669475913373e-01
9.854836273190904772e-02
9.706693779439903857e-02
9.568752780305005146e-02
9.439912198972524870e-02
9.319205105315600535e-02
9.205781540476044855e-02
9.098894463458488679e-02
8.997888203268863960e-02
8.902188981246157706e-02
8.811297144759967781e-02
8.724780751928284950e-02
8.642270103320925934e-02
8.563452770480291243e-02
8.488068660798589460e-02
8.415904714205030279e-02
8.346788964181713066e-02
8.280583906686711515e-02
8.217179373560046240e-02
8.156485348705801164e-02
8.098425332698321044e-02
8.042930898353990721e-02
7.989937955238769762e-02
7.939384962706869109e-02
7.891212949305655144e-02
7.845366796494937511e-02
7.801796927819115712e-02
7.760460402630572907e-02
7.721320503064453555e-02
7.684344228031050883e-02
7.649497613599205714e-02
7.616739380679896088e-02
7.586013936379018552e-02
7.557245095856991723e-02
7.530331952552302144e-02
7.505148070665434989e-02
7.481544639538344199e-02
7.459357514881855000e-02
7.438417321245123504e-02
7.418561161529242665e-02
7.399644108906279494e-02
7.381548628307964266e-02
7.364190401790969565e-02
7.347519653409798068e-02
7.331517862297620702e-02
7.316190559833883611e-02
7.301557568593210201e-02
7.287642429274254763e-02
7.274462806901960121e-02
7.262023370812824286e-02
7.250312075882849039e-02
7.239300060381599622e-02
7.228944669834598546e-02
7.219194560344333045e-02
7.209995535005538081e-02
7.201295769698565219e-02
7.193049368559571721e-02
7.185217674101319896e-02
7.177768323233721381e-02
7.170672559976462579e-02
7.163901680438090891e-02
7.157423630678889925e-02
7.151200692184575547e-02
7.145188912476506393e-02
7.139339545646840313e-02
7.133602349943858612e-02
7.127930230622557539e-02
7.122284476208731729e-02
7.116639743352022596e-02
7.110987996492310059e-02
7.105340776464619257e-02
7.099729416078716382e-02
7.094203096361016703e-02
7.088824904612152367e-02
7.083666283580894452e-02
7.078800429164351649e-02
7.074295291509929973e-02
7.070206859469611860e-02
7.066573366393547051e-02
7.063410956692475762e-02
7.060711210782290304e-02
7.058440755203232442e-02
7.056542998662207467e-02
7.054941846431712904e-02
7.053547067611094790e-02
7.052260835475018808e-02
7.050984844667136653e-02
7.049627344408655738e-02
7.048109425641090053e-02
7.046369967683249746e-02
7.044368783414141355e-02
7.042087688352070829e-02
7.039529437229374853e-02
7.036714696260910895e-02
7.033677425037518360e-02
7.030459207931297194e-02
7.027103186459274231e-02
7.023648292439467478e-02
7.020124461981196162e-02
7.016549419202185167e-02
7.012927454718001496e-02
7.009250390864889269e-02
7.005500636794577407e-02
7.001655920826442558e-02
6.997694990787156621e-02
6.993603354411395689e-02
6.989378051285917437e-02
6.985030549368070885e-02
6.980587153107613296e-02
6.976086761284459870e-02
6.971576339571709802e-02
6.967104962490135167e-02
6.962717613410436546e-02
6.958450017740853977e-02
6.954325586093949851e-02
6.950355093030612108e-02
6.946539110225399827e-02
6.942872590652682252e-02
6.939350510373344660e-02
6.935973234246467500e-02
6.932750338835712289e-02
6.929701983227752604e-02
6.926857480672370115e-02
6.924251358128714895e-02
6.921917749862421809e-02
6.919884328595821144e-02
6.918167056041392426e-02
6.916766822325919051e-02
6.915668595950641429e-02
6.914843130202025234e-02
6.914250702614252453e-02
6.913845930143194818e-02
6.913582497101715407e-02
6.913416690393309194e-02
6.913308925556799212e-02
6.913222877808072875e-02
6.913122279420401417e-02
6.912965779455836068e-02
6.912700383748762722e-02
6.912253855430508520e-02
6.911526077579627225e-02
6.910378839731655398e-02
6.908622934452095243e-02
6.906000987277384484e-02
6.902164241377524434e-02
6.896641707081428707e-02
6.888800763827129803e-02
6.877799522888028427e-02
6.862533020889304003e-02
6.841577536239079604e-02
6.813139818320765317e-02
6.775020478786578093e-02
6.724602764326696736e-02
6.658878847567797910e-02
6.574525035382734750e-02
6.468034386566902383e-02
6.335909887819667075e-02
6.174913708870501117e-02
5.982358832013950911e-02
5.756419773225821684e-02
5.496430862799602662e-02
5.203135479185146822e-02
4.878849353802038047e-02
4.527506564116228621e-02
4.154568088070047932e-02
3.766788623946817210e-02
3.371855537769884170e-02
