5.265877770282973575e-02
5.988620544454688333e-02
6.742715415587177685e-02
7.523542624127514677e-02
8.328574776267169688e-02
9.158054046036359641e-02
1.001539294462243518e-01
1.090722492076497269e-01
1.184308016874570518e-01
1.283472050134909781e-01
1.389522623072656504e-01
1.503797791237549697e-01
1.627570696823351926e-01
1.761979357415041358e-01
1.907996285753998100e-01
2.066447144693030757e-01
2.238079246662665611e-01
2.423671227418074114e-01
2.624166659763856879e-01
2.840808875065394257e-01
3.075253449437110320e-01
3.329639087703908928e-01
3.606605840461046819e-01
3.909259320269399263e-01
4.241088219751775190e-01
4.605848389796286524e-01
5.007430186756274271e-01
5.449728233214843343e-01
5.936535413083550150e-01
6.471485245624857274e-01
7.058066040529108465e-01
7.699723294694447162e-01
8.400052802228070714e-01
9.163068913247935932e-01
9.993515964902099924e-01
1.089718107913916434e+00
1.188116454345129469e+00
1.295406740898772391e+00
1.412606158408218571e+00
1.540881494212740010e+00
1.681525493968101026e+00
1.835917040810117085e+00
2.005466919479072185e+00
2.191552055574301328e+00
2.395440655733030777e+00
2.618208402615299857e+00
2.860642677251185262e+00
3.123129449595714480e+00
3.405517764560888061e+00
3.706960512937049312e+00
4.025736941572801264e+00
4.359070609723511680e+00
4.702964400517601007e+00
5.052080219303584308e+00
5.399694115519252158e+00
5.737756969009515373e+00
6.057085777499941592e+00
6.347700194608750124e+00
6.599303056356269792e+00
6.801883170323647754e+00
6.946396226111094307e+00
7.025459375320600053e+00
7.033981545646176947e+00
6.969649108610993515e+00
6.833197592577926471e+00
6.628424506994326393e+00
6.361932690246152156e+00
6.042631825322124506e+00
5.681060289591625789e+00
5.288613146458717829e+00
4.876770132080110010e+00
4.456409040450083126e+00
4.037268011969460169e+00
3.627590745164298802e+00
3.233958366660497852e+00
2.861286440471602965e+00
2.512948985613415509e+00
2.190984419796693672e+00
1.896339881758129842e+00
1.629117883398285116e+00
1.388799768140817292e+00
1.174431402078643050e+00
9.847660668779764093e-01
8.183667009523202251e-01
6.736742240372703971e-01
5.490509229205534636e-01
4.428082207654254199e-01
3.532270824882575710e-01
2.785772852980530345e-01
2.171392595438423889e-01
1.672296402519255765e-01
1.272295004914624217e-01
9.561280069118706371e-02
7.097204043630850334e-02
5.203838468623902397e-02
3.769441963455164718e-02
2.697884939780260602e-02
1.908356057245630746e-02
1.334433374040537232e-02
9.226965670418203758e-03
6.310688396095604294e-03
4.270609011623190988e-03
2.860554971759621083e-03
1.897299018810281752e-03
1.246737727750692323e-03
8.122599838078434220e-04
5.252899929151803784e-04
3.378254369649273886e-04
2.167032647474576284e-04
1.392952302979147991e-04
9.034372328812363391e-05
5.967926226274513339e-05
4.060178670278557058e-05
2.875023134496467717e-05
2.132391763457649518e-05
1.655274448199940468e-05
1.334037230992218809e-05
1.102589365200191347e-05
9.225640627311024902e-06
7.728700553653007347e-06
6.428272328486337020e-06
5.276973798350761078e-06
4.258259363136373609e-06
3.368764929883580709e-06
2.608093308253206033e-06
1.973618576947036711e-06
1.458566269868466093e-06
1.052083935382514483e-06
7.403564123649603461e-07
5.080960727658410231e-07
3.399715045897281566e-07
2.217316597970219750e-07
1.409328272755253552e-07
8.728043803250475570e-08
5.265879816269655694e-08
3.094636615688420210e-08
1.771225822343917145e-08
9.872096943385828377e-09
5.357547480379312681e-09
2.830724890018055274e-09
1.456001569020317166e-09
7.289865193937605589e-10
3.552505352336297127e-10
1.684902083295547225e-10
7.776947267149396281e-11
3.493097247616874396e-11
1.526701477086770527e-11
6.492569920538918453e-12
2.686441659209133990e-12
1.081477735397091059e-12
4.235649631834494000e-13
1.613872619597552778e-13
5.982066602362219147e-14
2.157015879779490308e-14
7.565961548355066549e-15
2.581507063201416217e-15
8.567845916272034585e-16
2.765991241508580006e-16
8.685669801570876789e-17
2.652909977062881417e-17
7.881383068802815855e-18
2.277392009113975785e-18
6.400647468437601395e-19
1.749672227247362433e-19
4.651924389715037492e-20
1.202953407255044140e-20
3.025539424035327425e-21
7.401043505065753206e-22
1.760833306064804312e-22
4.074539982867627084e-23
9.170119966667183418e-24
2.007289900448857371e-24
4.273546909465579023e-25
8.849480173764057166e-26
1.782419341298532290e-26
3.492071802630785697e-27
6.655266996275947555e-28
1.233954826834671635e-28
2.226123283217212077e-29
3.908539851280158645e-30
6.681103942899238127e-31
1.112467821999008949e-31
1.805933167500448749e-32
2.861986153163343621e-33
4.436937927200186429e-34
6.750510915407694726e-35
1.012813929951271617e-35
1.509160544040731021e-36
2.255159503524943813e-37
3.420577551786121615e-38
5.333671209637773905e-39
8.636524686492881734e-40
1.457964550940915619e-40
2.556769241262813357e-41
4.614889897421375288e-42
8.477290328235504518e-43
1.568529119831311562e-43
2.899970713758832998e-44
5.327721954927868907e-45
9.690956598738072742e-46
