6.550097905439596568e-05
8.873224118090559985e-05
1.089324402876833532e-04
1.262107743775494695e-04
1.412249541091079247e-04
1.546643610755067287e-04
1.680574006538159716e-04
1.804826784453418282e-04
1.923244396491422979e-04
2.079301139622785480e-04
2.240248561339158446e-04
2.394436846592851219e-04
2.598728912599497076e-04
2.817532567820575694e-04
3.024708851143953470e-04
3.252959170032627880e-04
3.515876044897975664e-04
3.753796727521412253e-04
3.991457386235555487e-04
4.288779867744862127e-04
4.587755697523839145e-04
4.878703365348179195e-04
5.194961594795244634e-04
5.598612413640494459e-04
6.013839274921586354e-04
6.435279081895754847e-04
6.791767706653486798e-04
7.159090861625788411e-04
7.572042107605862120e-04
8.002618766262392918e-04
8.372639069326517913e-04
8.798663321032741159e-04
9.233881513734336745e-04
9.702619661428525015e-04
1.009752143196216215e-03
1.066134118688714287e-03
1.119731228771717610e-03
1.180372812373310177e-03
1.265666479649997381e-03
1.335143470244810979e-03
1.428045066194625051e-03
1.540139475065368168e-03
1.680070878334061386e-03
1.823571954790690263e-03
1.969367790835674370e-03
2.120138990502538207e-03
2.223555103508836808e-03
2.238959865566479603e-03
2.146453804387709208e-03
1.934834218845273793e-03
1.686969596581720191e-03
1.497327972718033844e-03
1.433133747932979285e-03
1.454026550531832768e-03
1.517010325652463172e-03
1.596736842993713105e-03
1.693315021699477643e-03
1.803485434158270603e-03
1.923908335957508556e-03
2.057277893079898813e-03
2.204372369486451867e-03
2.364871609319488255e-03
2.543120952350263596e-03
2.743137825047523449e-03
2.969948559279021131e-03
3.225312844140642947e-03
3.509510360284716964e-03
3.822564185525817015e-03
4.169009614863823480e-03
4.564076247985015579e-03
5.012989775996386753e-03
5.514030214866573812e-03
6.085441347008482306e-03
6.748760566439398340e-03
7.524882684466803646e-03
8.443079509218801709e-03
9.531199971854446493e-03
1.082236182148782824e-02
1.235916144263246932e-02
1.421607498273078606e-02
1.649520854114206597e-02
1.935840412368325728e-02
2.300140769218304848e-02
2.770822664156894627e-02
3.388301388576423628e-02
4.217790643497217745e-02
5.339500852806856879e-02
6.862190089678485427e-02
8.875692302456096583e-02
1.135627864779780172e-01
1.416688225996219630e-01
1.710150576496349273e-01
1.993364487795251383e-01
2.256365610713552128e-01
2.494894583605063443e-01
2.711431888552879865e-01
2.909420396425144717e-01
3.091852089679800186e-01
3.255719993113403987e-01
3.400782418310606126e-01
3.523348805441577913e-01
3.623180805317867681e-01
3.700562999846357393e-01
3.752433582618053265e-01
3.777746594632654387e-01
3.772054193686124601e-01
3.736582180304533485e-01
3.670441489500785304e-01
3.573164791910736771e-01
3.446118118677109488e-01
3.288496818768666952e-01
3.103712681799998263e-01
2.898194927200527515e-01
2.678716467449602234e-01
2.448095663707763880e-01
2.212396100483510764e-01
1.975405273990626931e-01
1.746748627076924743e-01
1.530852683998997488e-01
1.331019392812762270e-01
1.148433397756623009e-01
9.853110750088904524e-02
8.421737449117830399e-02
7.174210116618549848e-02
6.093862995113597664e-02
5.166327873246756575e-02
4.370091717170331014e-02
3.698333217411283597e-02
3.134510435462040112e-02
2.659793469378300343e-02
2.260458928154556249e-02
1.920832480341586740e-02
1.632320295349282135e-02
1.391383774996136566e-02
1.190946909772981101e-02
1.022821921550689205e-02
8.795180854678950541e-03
7.570329102756384772e-03
6.530237198558991665e-03
5.654337838355275557e-03
4.902921043624498300e-03
4.249356252831146784e-03
3.683484625409703950e-03
3.194455026299647480e-03
2.780447304169924617e-03
2.435222366120205675e-03
2.141772066407537575e-03
1.884202207074824270e-03
1.659838952446485247e-03
1.465441444164749304e-03
1.293439448489407248e-03
1.140027199401862914e-03
1.003860378221169093e-03
8.846693650359403142e-04
7.821520930144244387e-04
6.939154206640971156e-04
6.168363228548925069e-04
5.491931626999827301e-04
4.904760278187669277e-04
4.395368309054343832e-04
3.949031256784082153e-04
3.560319786354676193e-04
3.221084559809368059e-04
2.919302201656706662e-04
2.649286577441428920e-04
2.406955957574521314e-04
2.187839278439489797e-04
1.992530799078963649e-04
1.823882024951622831e-04
1.681304231080919700e-04
1.559619261501382225e-04
1.451853604448081559e-04
1.353158619487771928e-04
1.261903194439150961e-04
1.177474898604830787e-04
1.099098540639896634e-04
1.025991775579251751e-04
9.577630916636527812e-05
8.947209695786994177e-05
8.372829840600412555e-05
7.852629167373883167e-05
7.380321572068323068e-05
6.950207624025068456e-05
6.558622079885132155e-05
6.201791386766486414e-05
5.873542726496244363e-05
5.566163680462070075e-05
5.273031664068219865e-05
4.989746756959320510e-05
4.713710449042131303e-05
4.443054309763332571e-05
4.174999934080215016e-05
3.904575251567568453e-05
3.625031869265377609e-05
3.329838996725741171e-05
3.014886247720263953e-05
2.679921686048940691e-05
2.329167229693486984e-05
1.971256931390253300e-05
1.618358102780505256e-05
