1.776159092282414160e-04
1.846314636887024668e-04
1.917299325283222688e-04
1.994982099891930735e-04
2.082326383740088817e-04
2.178989766760347589e-04
2.287298061534437756e-04
2.407545717967811806e-04
2.534312357653634292e-04
2.665710504021140208e-04
2.805580179527374747e-04
2.957795127214138571e-04
3.125039931718496112e-04
3.306909238325158782e-04
3.502564120273557718e-04
3.715549213382935952e-04
3.948695530174506840e-04
4.200898800918667435e-04
4.470800072056789064e-04
4.762319243183893262e-04
5.083517819247344730e-04
5.437170861187935050e-04
5.820389983076494373e-04
6.232680580514391539e-04
6.677126655065059079e-04
7.159317424799379378e-04
7.687717566740631583e-04
8.269154754080906139e-04
8.910872329714656205e-04
9.621959048474634487e-04
1.040910306310294763e-03
1.128522464693215190e-03
1.225386221881821693e-03
1.332018945942793631e-03
1.450890212918809138e-03
1.584498781901510491e-03
1.732913177887673330e-03
1.898446123768784315e-03
2.083227318197220304e-03
2.287871019584457235e-03
2.516812171625153541e-03
2.777057759089998634e-03
3.073241181587058318e-03
3.410969273236412903e-03
3.790784125084434731e-03
4.214572078307037700e-03
4.693171342790798672e-03
5.239873989389597086e-03
5.861454042058422166e-03
6.557346383974440272e-03
7.336423620553900703e-03
8.224889560299561073e-03
9.237687340685822937e-03
1.037260599150635447e-02
1.165087545558762296e-02
1.310079483733345498e-02
1.474623607314517158e-02
1.660414357053938833e-02
1.869198474824959599e-02
2.102136861988552347e-02
2.360903971976750781e-02
2.645259066407608384e-02
2.958288152014462713e-02
3.296443854260982381e-02
3.656139925244190209e-02
4.029307020908835107e-02
4.408538584617044398e-02
4.788911738242922905e-02
5.157378619023438721e-02
5.506064408945655214e-02
5.825286777553772416e-02
6.097080561083838279e-02
6.315317685823601535e-02
6.468265552780101679e-02
6.546077239661880764e-02
6.538273251864559765e-02
6.434589165800091992e-02
6.229703889963957714e-02
5.918987649057785155e-02
5.513170363437805421e-02
5.031358518811844538e-02
4.521368401846875829e-02
4.022741320845046875e-02
3.558008211088910244e-02
3.126875952745065967e-02
2.738019506940899198e-02
2.392132843789386565e-02
2.087312368648714528e-02
1.822927165210546513e-02
1.593964325593194217e-02
1.394350095315046410e-02
1.221015282587125869e-02
1.070966812768450564e-02
9.412404440495894184e-03
8.291590603230836534e-03
7.317247565898283776e-03
6.482990824697663565e-03
5.757582780326216641e-03
5.123977024096765427e-03
4.568347571163134530e-03
4.081445429833805219e-03
3.663840378185321840e-03
3.300421668190438741e-03
2.980376641086297188e-03
2.700152244753364645e-03
2.450571469391100553e-03
2.230330246022974982e-03
2.035329343207354681e-03
1.861070282230564699e-03
1.710791598545791841e-03
1.580764552877629656e-03
1.469017038827360577e-03
1.368852768335655562e-03
1.279088790729262072e-03
1.202383820213685610e-03
1.136072610920769825e-03
1.072737874157186563e-03
1.013812151708709183e-03
9.611252757195440496e-04
9.086932372333535353e-04
8.522967430274215996e-04
7.952524694291014749e-04
7.352554404838072865e-04
6.789423494033971444e-04
6.173924970976295799e-04
5.579172325248887799e-04
5.023035934461878666e-04
4.538567436400644975e-04
4.076211124252378400e-04
3.687045645799222815e-04
3.364465594203829664e-04
3.077995930288730635e-04
2.826662464915266734e-04
2.616352548681628951e-04
2.425835313208707822e-04
2.259396727556053539e-04
2.104978834906669921e-04
1.965302293136330953e-04
1.841209130524641398e-04
1.725212442098663561e-04
1.617350973706291198e-04
1.516699004998666236e-04
1.423691815451959958e-04
1.338092573295170758e-04
1.259701434372650648e-04
1.188500851767515184e-04
1.123308796134678825e-04
1.062426882674486937e-04
1.005067366489911448e-04
9.510157344173269351e-05
8.998900532483506396e-05
8.512574285389906280e-05
8.048369042623991076e-05
7.607821329048461130e-05
7.192943961113717458e-05
6.803214753083946197e-05
6.440361227072402951e-05
6.107160644574810993e-05
5.801548679354895133e-05
5.516507683772923809e-05
5.247228739543012164e-05
4.993840303410991278e-05
4.756091144567435819e-05
4.531969157582107604e-05
4.319503916025615585e-05
4.117174126362135574e-05
3.924033704799285180e-05
3.739924420304762748e-05
3.565238175924277891e-05
3.400472182274282804e-05
3.245912424111992373e-05
3.101289785963729992e-05
2.965556527443962228e-05
2.837200764865185559e-05
2.714917059165692040e-05
2.598081290951050385e-05
2.486848565565726385e-05
2.381945118069773906e-05
2.284134107546556338e-05
2.193565770394101494e-05
2.109563303833558839e-05
2.031058227003956093e-05
1.957226524541385418e-05
1.887774314056440422e-05
1.822774866426774660e-05
1.762350626294345999e-05
1.706479087687735928e-05
1.654949471257609759e-05
1.607345124477196644e-05
1.563003895864806950e-05
1.521070390128570376e-05
1.480731102754978872e-05
1.441486288719396164e-05
1.403214994344114946e-05
1.366017509745347166e-05
1.330040085242212891e-05
1.295421031517681033e-05
1.262320114990993991e-05
1.230933518740796059e-05
1.201441930313423349e-05
