8.880406187551169830e-05
9.132025676413096644e-05
9.460120536509211708e-05
9.798408353310263791e-05
1.010456810917505905e-04
1.041435632242035045e-04
1.078221569361293331e-04
1.123057526866354748e-04
1.174737413737876151e-04
1.230271260291656459e-04
1.292505255746125015e-04
1.384993276474759806e-04
1.543828385165902826e-04
1.748997317778556851e-04
1.917342129628991508e-04
2.027511012407393813e-04
2.112161601253553767e-04
2.173031125644325908e-04
2.240711506406115061e-04
2.364755251199406017e-04
2.587932869809962590e-04
2.897900232503737420e-04
3.204563540303519598e-04
3.412345824058810560e-04
3.556930702019784241e-04
3.764533660927330688e-04
4.071319383510957476e-04
4.439239693069341815e-04
4.852210185330190677e-04
5.319705227773836561e-04
5.852600013838916895e-04
6.454963820799383949e-04
7.125127293027437364e-04
7.871744988572873698e-04
8.734575951876151316e-04
9.735423332763149494e-04
1.086070172739697073e-03
1.212889018153460053e-03
1.355280548959094701e-03
1.514518850105777293e-03
1.697039439902585508e-03
1.908093235750694169e-03
2.149594361917157165e-03
2.419983173460948413e-03
2.730970571399577926e-03
3.087005557021300917e-03
3.497306477922816279e-03
3.973294766865820456e-03
4.512647933299804466e-03
5.129819469016529479e-03
5.826087701242748523e-03
6.621136895817406054e-03
7.525707288487800892e-03
8.572980409328889370e-03
9.776540241042045928e-03
1.116736198419671089e-02
1.271700788037010213e-02
1.445301191217558158e-02
1.642772552274467460e-02
1.866490492360803680e-02
2.116374735076793218e-02
2.391995579768659702e-02
2.694382090383869166e-02
3.021943770963273629e-02
3.371221114785990375e-02
3.733748029654421208e-02
4.114442210426319524e-02
4.496196939117819147e-02
4.869973335145594273e-02
5.229771540191342771e-02
5.567574080840082679e-02
5.868948284779877678e-02
6.122037509606138156e-02
6.317153578812990944e-02
6.442873488282371830e-02
6.489047446623967541e-02
6.443733863962725072e-02
6.296339756926154496e-02
6.056965921057354263e-02
5.722808923245454454e-02
5.304246606557513205e-02
4.846489356499900786e-02
4.380663909284160384e-02
3.924255775315965006e-02
3.499107364520685770e-02
3.107963036776622417e-02
2.753549664303625230e-02
2.434313153430076732e-02
2.149896384750163078e-02
1.901577696868576861e-02
1.685134591867343615e-02
1.492562254877506135e-02
1.322792357133185763e-02
1.174829464399084790e-02
1.047705114543080913e-02
9.358537611559450756e-03
8.367729251718835845e-03
7.497169454801937138e-03
6.737588466136819332e-03
6.066437010096190421e-03
5.473097836037734386e-03
4.954142473680081191e-03
4.496925328704498223e-03
4.090649384144660547e-03
3.727076115595769241e-03
3.409123392449048967e-03
3.131135205698405959e-03
2.883415249466088695e-03
2.653563222930434371e-03
2.451725108281615530e-03
2.280781633323605319e-03
2.124182012746476684e-03
1.980847781969036388e-03
1.857675217055664496e-03
1.749667490110814452e-03
1.645816452327349437e-03
1.559723435053011684e-03
1.480391004349054926e-03
1.410890421228084895e-03
1.333095968101295162e-03
1.267013359109732612e-03
1.180854425027490478e-03
1.100923100004737093e-03
1.007661498659243428e-03
9.219455899862000550e-04
8.320259713553199805e-04
7.545538573152878094e-04
6.885812767431485383e-04
6.232568540704987690e-04
5.691204295764195741e-04
5.244924733950088406e-04
4.867062264000403152e-04
4.511425145355428871e-04
4.201567645091545847e-04
3.921953252361407754e-04
3.667919910077276405e-04
3.446822967059663461e-04
3.246507200449729228e-04
3.055854281260294019e-04
2.880876688575199017e-04
2.717905155637578081e-04
2.564923722863941325e-04
2.420797198774142956e-04
2.287028194588702605e-04
2.165045423276815010e-04
2.051830595951880277e-04
1.941858927427021222e-04
1.838116190008331271e-04
1.739679017569465086e-04
1.648907086915533872e-04
1.562763743862476227e-04
1.482876339119064586e-04
1.408131270674224699e-04
1.338423790867909128e-04
1.269595705899373341e-04
1.211103857877765863e-04
1.147424625149467861e-04
1.086979667783508492e-04
1.033922378722860932e-04
9.837847473847719350e-05
9.366008342949969903e-05
8.903903705098256108e-05
8.468253097447349582e-05
8.066157716484291561e-05
7.695320763891083269e-05
7.350443787016160374e-05
7.033464748847069817e-05
6.723353691369621330e-05
6.424493834061742285e-05
6.142980204218285545e-05
5.856834915209982966e-05
5.596882138308829848e-05
5.344353040744997257e-05
5.100847536974092294e-05
4.872529591230033799e-05
4.665586583016423789e-05
4.470814017731827275e-05
4.289191089095992254e-05
4.123912049555309296e-05
3.969484293258903446e-05
3.825018793793979566e-05
3.690748629123407818e-05
3.565676273167355480e-05
3.448374042952840783e-05
3.335969936037523848e-05
3.225508682682479833e-05
3.117868622488080516e-05
3.016493672766920828e-05
2.922826108515503364e-05
2.835447053042153420e-05
2.751685579726172257e-05
2.669380067523542278e-05
2.588174407355071371e-05
2.508992160090913625e-05
2.432875874393578152e-05
2.360868787564468775e-05
2.294110869192310319e-05
2.233429951754909210e-05
2.178891451291710375e-05
2.129769018423541946e-05
