5.593128122813496861e-02
7.572831430681198350e-02
9.180681007937889493e-02
1.024092839688614948e-01
1.080739914588976780e-01
1.105023373632407768e-01
1.112977817596935703e-01
1.114383572693490587e-01
1.113653666989213448e-01
1.112360301756892544e-01
1.110959079839457797e-01
1.109559019033607846e-01
1.108213172116936512e-01
1.106982256655274777e-01
1.105876847329586021e-01
1.104826989096359124e-01
1.103760287008187096e-01
1.102688977504501927e-01
1.101691337768138101e-01
1.100826618757657499e-01
1.100095484545522001e-01
1.099478197646876626e-01
1.098980126540110430e-01
1.098606468791454155e-01
1.098294468465897955e-01
1.097917514425113678e-01
1.097387867253203503e-01
1.096735265161707107e-01
1.096064676938887789e-01
1.095456663387349983e-01
1.094925991364578133e-01
1.094451891023798529e-01
1.094015848206373182e-01
1.093617856744080602e-01
1.093280574364447338e-01
1.093031644441178618e-01
1.092864067817064244e-01
1.092723064993809806e-01
1.092545980205653494e-01
1.092302674731658874e-01
1.091982842709025292e-01
1.091558549345012785e-01
1.090983748645300289e-01
1.090235187538576705e-01
1.089342060805369022e-01
1.088361622354544339e-01
1.087312415282168654e-01
1.086125848074976641e-01
1.084667729349127474e-01
1.082802506477571203e-01
1.080420070117425468e-01
1.077410078357732975e-01
1.073670752794955996e-01
1.069209912750312547e-01
1.064236497614475946e-01
1.059078225478243818e-01
1.053945387608537926e-01
1.048777729810251858e-01
1.043341058410071215e-01
1.037456877102907321e-01
1.031129852670456676e-01
1.024496100601575838e-01
1.017689304186849691e-01
1.010738246945801500e-01
1.003550617644117099e-01
9.959768487437688222e-02
9.878937955481313649e-02
9.792537385973608399e-02
9.701025105411215099e-02
9.605865890670313434e-02
9.509343382120261090e-02
9.413905974363315221e-02
9.321204382208075900e-02
9.231330174718170578e-02
9.142829927807499812e-02
9.053601542905101440e-02
8.962001487253899723e-02
8.867408854148674247e-02
8.770203160240798435e-02
8.671435160944747367e-02
8.572243529609055446e-02
8.473193355720608222e-02
8.374008743129199295e-02
8.273905878555429250e-02
8.172215653515760292e-02
8.068848777487898360e-02
7.964302626424303588e-02
7.859122951798075407e-02
7.753219130997877906e-02
7.645896927459210068e-02
7.536828221240270131e-02
7.426518459534070526e-02
7.314102303014018147e-02
7.191097484727404510e-02
7.030594641756521268e-02
6.774349546876455574e-02
6.330866205721343010e-02
5.607752303825219026e-02
4.582697539706602485e-02
3.363958474562437490e-02
