2.074590782831676194e-01
2.726852045911275502e-01
3.281776205822708459e-01
3.683128378063503794e-01
3.929579914026134491e-01
4.057615311435811001e-01
4.113367448380486624e-01
4.133131672007410162e-01
4.138090755914506924e-01
4.137804098425108545e-01
4.135572235575550315e-01
4.132236890653854799e-01
4.127999334775843687e-01
4.122998937996951163e-01
4.117410425583326039e-01
4.111453857137202794e-01
4.105373951870673888e-01
4.099335358524861528e-01
4.093272029664017375e-01
4.086823258402217940e-01
4.079446626740949045e-01
4.070663090650927796e-01
4.060286145708492667e-01
4.048484562482731475e-01
4.035625507963009895e-01
4.022007936031483100e-01
4.007707589821613570e-01
3.992657303515240175e-01
3.976831764945025771e-01
3.960317943618967274e-01
3.943250247541587039e-01
3.925734092296475075e-01
3.907807001963309324e-01
3.889431644832168633e-01
3.870523820266826287e-01
3.850982343946767195e-01
3.830698336804526094e-01
3.809581707341016532e-01
3.787618590762582005e-01
3.764902057500931210e-01
3.741580883183633910e-01
3.717755557546014167e-01
3.693427286326684267e-01
3.668567970849144766e-01
3.643241807594400083e-01
3.617640943517259622e-01
3.591984730227510414e-01
3.566370545014730942e-01
3.540724935580991106e-01
3.514917996231822217e-01
3.488916837124469983e-01
3.462787644780890295e-01
3.436543543325608074e-01
3.410031391187799965e-01
3.382980457339214153e-01
3.355151450165936300e-01
3.326472065113665888e-01
3.297077139635390397e-01
3.267223011992156367e-01
3.237148520763350468e-01
3.207001291373535734e-01
3.176840189270634940e-01
3.146642593185038361e-01
3.116302899902749224e-01
3.085637738146436160e-01
3.054410543357813368e-01
3.022414423559453556e-01
2.989575855843566443e-01
2.955983946369211690e-01
2.921846949072684496e-01
2.887403021467244701e-01
2.852778922185730814e-01
2.817890271375111388e-01
2.782515536898223507e-01
2.746500016881717188e-01
2.709906102642681835e-01
2.672999966458490251e-01
2.636102705012507985e-01
2.599391962959542446e-01
2.562768541483133600e-01
2.525899761756787987e-01
2.488422660705645051e-01
2.450152487402159351e-01
2.411166308047228979e-01
2.371737372359517815e-01
2.332175082568017643e-01
2.292666623417872473e-01
2.253218104993770510e-01
2.213734040094141042e-01
2.174130291989982144e-01
2.134318270407275231e-01
2.094007138731501794e-01
2.052210701985914265e-01
2.006102608311741420e-01
1.948994347806121685e-01
1.868134621602282608e-01
1.744718579680163417e-01
1.559696092401821055e-01
1.306382466857603786e-01
1.002966886544671560e-01
