9.950200536683249247e-03
1.518740820068627262e-02
1.716616400736921400e-02
1.835368692510955246e-02
2.024837204882716166e-02
2.221145914161929205e-02
2.323580520882352965e-02
2.456831370030544692e-02
2.590061217726461959e-02
2.718415680463289949e-02
2.809736178812944490e-02
2.933721970242638560e-02
3.190655035452184124e-02
3.477497816795180330e-02
3.804524037428717864e-02
4.280966332627552523e-02
4.969662667361327696e-02
5.879155685847171908e-02
6.836869428669845039e-02
8.411036069642274793e-02
1.010833252301295698e-01
1.201577919449676318e-01
1.556344382011791150e-01
2.081581273278625688e-01
2.848112673090534286e-01
4.188513182714466154e-01
6.651245727809159680e-01
1.148574082382538775e+00
2.156757558078426840e+00
4.054176508772835419e+00
6.298958555089186895e+00
6.159322909860149409e+00
3.887270066050217299e+00
2.085916266578859535e+00
1.143674231607736402e+00
6.810322373258622664e-01
4.483065780515060328e-01
3.197583256728327994e-01
2.442972875815854761e-01
1.930003846722643801e-01
1.564340261540504429e-01
1.294411709860797954e-01
1.089743624450407733e-01
9.452519963523391133e-02
8.288683857214187989e-02
7.381029771684743945e-02
6.339922378311764473e-02
5.602847437393877750e-02
5.129783275700021405e-02
4.547291992844570280e-02
4.243206843468327882e-02
4.009180018624725061e-02
3.767521509094908655e-02
3.603261504035420310e-02
3.371988159920500522e-02
3.273851460606728991e-02
3.145954892936552588e-02
2.959684136571464133e-02
2.710701803846747235e-02
2.547552670507766126e-02
2.372770268316735237e-02
2.152588649199271495e-02
1.973771720595021706e-02
1.918003551998569839e-02
1.860661748380710093e-02
1.879307546752639890e-02
1.825083085130262475e-02
1.745444996231272639e-02
1.673514031939568256e-02
1.600055183728953806e-02
1.533221670832333842e-02
1.510203961119044834e-02
1.479173333429579552e-02
1.437502505523030258e-02
1.413931735467988809e-02
1.339172277961410244e-02
1.242343405494604827e-02
1.129475821988874112e-02
1.130497520299554928e-02
1.101980868213074498e-02
1.112724738598414725e-02
1.092970362140321949e-02
1.115249673816623432e-02
1.142843274234261325e-02
1.096493889731812131e-02
1.076012186232037232e-02
1.014580572845618506e-02
9.744182592611737997e-03
9.726807520907284829e-03
9.564136886677036473e-03
9.697520288326743829e-03
9.832561579915645097e-03
9.109577528865913515e-03
8.085301459688221115e-03
7.221205943072025492e-03
6.861257834659430926e-03
6.814905845541774192e-03
6.996264747365305361e-03
6.714981923101955193e-03
6.609858059222769623e-03
6.916740733737771277e-03
7.341100149406211070e-03
7.524957190594126072e-03
7.074947367813494772e-03
6.887145700118944489e-03
7.009127272744094216e-03
7.000760783956369408e-03
6.936200354306287438e-03
6.791348247140918844e-03
6.335665481242687067e-03
5.969921607103514591e-03
6.020693972265490045e-03
6.287716737343266790e-03
6.675064391221374391e-03
6.805256405508838292e-03
6.386687500394387651e-03
5.872640181284665382e-03
5.954401893849423956e-03
6.181733805116140443e-03
5.928487855350105494e-03
5.449489235818490672e-03
4.998059557870118165e-03
4.798473067863100704e-03
4.915495778829923057e-03
5.204053809279399721e-03
5.263932421796840323e-03
5.248882303306915895e-03
5.471811529124550634e-03
5.392382184998438695e-03
4.999457519527561282e-03
4.856173503320159943e-03
4.905774183265859852e-03
4.834546369246937175e-03
4.624211089183953224e-03
4.301021483099399384e-03
4.080806240432782381e-03
3.970970329471378880e-03
4.117059785715376612e-03
4.262664440085678179e-03
4.184461582759396725e-03
4.211681163294852571e-03
4.391270332981267628e-03
4.667557111552839144e-03
4.728437242481689506e-03
4.468347760749041137e-03
4.029904468517782681e-03
3.779225057602332832e-03
3.926293060128196663e-03
4.161578512187243985e-03
3.960978271203623342e-03
3.718974074780362783e-03
3.583015671554276756e-03
3.552250893218842059e-03
3.489282780093704277e-03
3.320168872947087957e-03
3.048140624113585863e-03
2.820992767672520635e-03
2.762452563114823744e-03
2.776716504157130359e-03
2.766525767102921262e-03
2.700891697444761635e-03
2.583787480067496322e-03
2.585724188841839917e-03
2.617881264333330252e-03
2.633518179515513188e-03
2.787831952999426932e-03
2.454370772917130895e-03
2.123248899672712086e-03
1.913550323296657214e-03
1.909580740481140728e-03
1.847048538948654591e-03
1.805406487974231403e-03
1.836061008233036808e-03
1.844819787384987218e-03
1.889526656205346451e-03
2.098706724407333694e-03
2.317261414434729737e-03
2.674582284566782899e-03
2.835608053692802687e-03
2.792062586154561623e-03
2.577254334180930501e-03
2.330534460606254084e-03
2.170689686841689378e-03
2.080035762903017713e-03
1.967848516089161764e-03
1.818775401891017333e-03
1.718096080204486618e-03
1.700196518179775086e-03
1.739771928345284742e-03
1.804105426261973493e-03
1.846245125859090125e-03
1.898644000592458270e-03
2.000961045099637452e-03
2.090680439003951823e-03
2.119196414874021696e-03
2.113549209461012494e-03
2.164094065849817006e-03
2.236371976688390772e-03
2.190233027805322912e-03
2.127684295068161657e-03
