7.350476436846644413e-07
2.789769319546723071e-06
2.757925492381992410e-06
1.499377561831638564e-06
6.117757593916572989e-07
1.079883770596986224e-07
7.005305461820088636e-09
1.661040029078586624e-10
1.208386139165247512e-08
5.960764042410768170e-06
1.015776592602195559e-04
7.115594465564643682e-05
2.304009679828168620e-06
7.647517167055280532e-09
1.507811171707947768e-06
2.907335292047310397e-06
1.852167081801518123e-05
2.637204037824860229e-06
8.675556539083883363e-07
5.130896100300117657e-07
3.606698960871443334e-06
5.787202545430310168e-06
2.270220994406563548e-06
7.535108704167305832e-07
9.901694768399943253e-08
3.367607645281517883e-08
8.009112764946909179e-07
7.030670908431430523e-06
2.378209716796892957e-05
4.572476272935239230e-05
1.307427600848248492e-04
6.315032071608720897e-05
2.616068704464066873e-05
3.109413966924554719e-05
2.012745207422900255e-06
3.622841772270398770e-05
2.116547002464140865e-05
6.685852094755483132e-05
1.028625208145453454e-04
1.879262317259101307e-05
1.663657268970893314e-05
1.776824739717832867e-05
2.208199963745259505e-05
2.178362463232507229e-05
4.460419190046961078e-05
1.092432686800443834e-04
1.040164599480793400e-04
3.029413471772662364e-05
5.803517693605657481e-05
2.028691011670801100e-04
1.451041972548213757e-04
1.064816241352268986e-04
1.072417048270868302e-04
5.805114846621972288e-04
8.623644634111049664e-04
3.376976016528452501e-04
2.094143477576386556e-04
5.499669335383055094e-04
4.176321703452758917e-04
4.257580343011572229e-04
7.013446680859120172e-04
6.301543654872495803e-04
6.179662824530556941e-04
6.198969584562821029e-04
8.211385717470284220e-04
8.158051750486646500e-04
9.185258290411353350e-04
1.119473338544899966e-03
9.892486068242640953e-04
8.622754018947521989e-04
8.264448738480185399e-04
1.290411287924421056e-03
1.257917087046266352e-03
1.288111164226295744e-03
1.790646788101509955e-03
2.138295297045300809e-03
2.557501949693388385e-03
3.316432896563354174e-03
5.387689040947754929e-03
9.166153054184103185e-03
1.620872235661552363e-02
2.937498151594308132e-02
5.635980023103655950e-02
1.065953184966957484e-01
1.957060145805589180e-01
3.439836691981561501e-01
5.579259964302696329e-01
8.184871236212084566e-01
9.751880964505189597e-01
8.149339720075350346e-01
5.158097341672529534e-01
2.729586802576692839e-01
1.226620308629305933e-01
4.888125314946119293e-02
1.811463713122421146e-02
6.821266334900317856e-03
3.484741697407824166e-03
2.050181378152310125e-03
1.809482461364992495e-03
1.199512610833855302e-03
1.275136760746586450e-03
8.450615241378204179e-04
8.695918040118840505e-04
8.709835001798094415e-04
8.202203633108410240e-04
7.147662185405846431e-04
8.221505996905887530e-04
5.131995859123909690e-04
4.969255420776039992e-04
5.613997449330047906e-04
6.156316415859490292e-04
6.754470262367752572e-04
5.116748547185459876e-04
5.259826066109810983e-04
4.657333866832371011e-04
4.451641435280082808e-04
4.458038776478788923e-04
4.088041246556749133e-04
5.487204669878456825e-04
4.534323984549361243e-04
3.617097923616590760e-04
2.157981127745862288e-04
2.737190283769207265e-04
3.172104355353858669e-04
2.160493980251335544e-04
1.532864596603679375e-04
1.661550532048571840e-04
2.294041744718093156e-04
1.435760403812882610e-04
1.778647824025982656e-04
1.300699747742917114e-04
2.324212509524772126e-04
3.432475058616047498e-04
2.202090034710629200e-04
1.275879656657863718e-04
1.960864161861932211e-04
1.621855212501025628e-04
1.358317304930002037e-04
1.585224013723778231e-04
1.912409608010907794e-04
1.725609927147596129e-04
2.588190614825769268e-04
3.105519653660075664e-04
2.918282035931619675e-04
1.566827189363470074e-04
1.249509316708821542e-04
1.258841054651501658e-04
1.167553869149569448e-04
1.209993931919781877e-04
2.013783021231610113e-04
2.714090389878219393e-04
3.120533768167185773e-04
1.853828420566339423e-04
7.857585135466954107e-05
1.084411519713899137e-04
1.614060604010825791e-04
1.467847762732554567e-04
1.015609684885447427e-04
1.291630747475972277e-04
1.860499286685291550e-04
1.410616790046029744e-04
7.054272546208081960e-05
1.039145376869689453e-04
6.497818836642455008e-05
4.287084426716034774e-05
6.140583161701479323e-05
1.026462034950355665e-04
9.539142949660643384e-05
8.706845304726912056e-05
8.147310766507266894e-05
7.716602198972830214e-05
9.472827070369611792e-05
6.993634995776051334e-05
5.721373978338191522e-05
6.628962330033723511e-05
8.635214724602594883e-05
7.171841614176464983e-05
4.081286209773549249e-05
2.736075297714843897e-05
5.286608407614597308e-05
6.747864734652961848e-05
3.973646218296132991e-05
3.348547823816449198e-05
4.810964175180004005e-05
6.552770409007458515e-05
6.479033791740161532e-05
4.625670361071431455e-05
1.965240256022383105e-05
3.131819639510965519e-05
3.855052881476996328e-05
3.525737639074211254e-05
4.996675169010111688e-05
4.764114577416934699e-05
1.174324095736430638e-04
1.348301002294561451e-04
3.194832142735335448e-05
2.214938832887461835e-05
2.204115784748072006e-05
1.685721728051264821e-05
2.589756383511156125e-05
