0.000000000000000000e+00
0.000000000000000000e+00
0.000000000000000000e+00
0.000000000000000000e+00
0.000000000000000000e+00
0.000000000000000000e+00
0.000000000000000000e+00
0.000000000000000000e+00
0.000000000000000000e+00
0.000000000000000000e+00
0.000000000000000000e+00
0.000000000000000000e+00
0.000000000000000000e+00
0.000000000000000000e+00
0.000000000000000000e+00
0.000000000000000000e+00
0.000000000000000000e+00
0.000000000000000000e+00
0.000000000000000000e+00
0.000000000000000000e+00
0.000000000000000000e+00
0.000000000000000000e+00
0.000000000000000000e+00
0.000000000000000000e+00
0.000000000000000000e+00
0.000000000000000000e+00
0.000000000000000000e+00
0.000000000000000000e+00
0.000000000000000000e+00
0.000000000000000000e+00
0.000000000000000000e+00
0.000000000000000000e+00
0.000000000000000000e+00
0.000000000000000000e+00
0.000000000000000000e+00
0.000000000000000000e+00
0.000000000000000000e+00
0.000000000000000000e+00
0.000000000000000000e+00
0.000000000000000000e+00
0.000000000000000000e+00
0.000000000000000000e+00
0.000000000000000000e+00
0.000000000000000000e+00
8.635041400796499205e-302
6.030436439784221315e-277
3.401031662511985765e-253
1.548995714452897988e-230
5.697277426625333801e-209
1.692240675484375645e-188
4.059144409036851031e-169
7.862931369170067670e-151
1.230019731421670856e-133
1.553879302444206100e-117
1.585258520575659714e-102
1.306052157863929055e-88
8.689575439075335909e-76
4.668896140198904828e-64
2.025851092143420521e-53
7.098697182810991847e-44
2.008762066346463108e-35
4.590518097557716639e-28
8.472319898587801434e-22
1.263209417997841860e-16
1.523799788091453230e-12
1.498599283911896425e-09
1.247817201411463960e-07
1.026389157465532677e-06
1.150942033513990363e-06
1.817938592816456924e-07
3.334382281211557423e-09
7.777998401822587976e-08
1.470146952769189746e-06
4.458757291450962628e-06
1.153151352393036794e-05
2.528193415075370996e-05
4.147022193093861367e-05
6.858764360561904819e-05
9.950083499733552257e-05
4.571343773090772561e-04
2.274277562900973559e-03
6.674630682745710851e-04
6.791284367680634282e-04
1.121508716806751552e-03
1.715050771178972975e-03
2.684606218445322566e-03
4.217350986630355458e-03
6.963992115942280528e-03
1.052360026790914900e-02
1.634732697389382206e-02
2.653395487707354075e-02
4.134820770202208423e-02
6.304349493944905181e-02
9.602507497062272301e-02
1.457781434941400889e-01
2.170633128479561025e-01
3.114966895458570195e-01
4.365199721048262926e-01
5.899309606264624417e-01
7.708594486490536468e-01
9.496969396572535471e-01
1.038040019714243201e+00
9.534327510857628640e-01
7.588790224401401607e-01
5.611799732279778574e-01
3.867360890480907032e-01
2.467627457388692769e-01
1.485391662754573239e-01
8.298135352468855030e-02
4.387672577579111721e-02
2.227284993806495986e-02
1.075369148374416203e-02
4.977349887594524624e-03
2.421229121199693080e-03
1.086531088762327305e-03
5.162485986077065565e-04
2.213462419096418998e-04
7.758055332312963743e-05
4.046859764850070223e-05
1.656304545596577754e-05
5.767830413759975075e-06
2.696771805320469261e-06
2.352152039449482150e-06
3.582532298938238236e-07
6.341471676026829482e-09
1.153682516068037094e-11
2.049647835761112803e-15
3.496021724450817526e-20
5.695232206772286300e-26
8.847471109532192738e-33
1.310083564483404296e-40
1.848811403419615374e-49
2.486467725594462773e-59
3.186871821842296420e-70
3.892570043953013975e-82
4.531040141831194193e-95
5.026305582686785728e-109
5.313605836988588036e-124
5.353271112427880356e-140
5.139709758001018927e-157
4.702701396273229346e-175
4.100583542065758772e-194
3.407480482666456690e-214
2.698426179065224316e-235
2.036465973608385266e-257
1.464647877096201336e-280
1.003872937796085224e-304
0.000000000000000000e+00
0.000000000000000000e+00
0.000000000000000000e+00
0.000000000000000000e+00
0.000000000000000000e+00
0.000000000000000000e+00
0.000000000000000000e+00
0.000000000000000000e+00
0.000000000000000000e+00
0.000000000000000000e+00
0.000000000000000000e+00
0.000000000000000000e+00
0.000000000000000000e+00
0.000000000000000000e+00
0.000000000000000000e+00
0.000000000000000000e+00
0.000000000000000000e+00
0.000000000000000000e+00
0.000000000000000000e+00
0.000000000000000000e+00
0.000000000000000000e+00
0.000000000000000000e+00
0.000000000000000000e+00
0.000000000000000000e+00
0.000000000000000000e+00
0.000000000000000000e+00
0.000000000000000000e+00
0.000000000000000000e+00
0.000000000000000000e+00
0.000000000000000000e+00
0.000000000000000000e+00
0.000000000000000000e+00
0.000000000000000000e+00
0.000000000000000000e+00
0.000000000000000000e+00
0.000000000000000000e+00
0.000000000000000000e+00
0.000000000000000000e+00
0.000000000000000000e+00
0.000000000000000000e+00
0.000000000000000000e+00
0.000000000000000000e+00
0.000000000000000000e+00
0.000000000000000000e+00
0.000000000000000000e+00
0.000000000000000000e+00
0.000000000000000000e+00
0.000000000000000000e+00
0.000000000000000000e+00
0.000000000000000000e+00
0.000000000000000000e+00
0.000000000000000000e+00
0.000000000000000000e+00
