0.000000000000000000e+00
0.000000000000000000e+00
0.000000000000000000e+00
0.000000000000000000e+00
0.000000000000000000e+00
0.000000000000000000e+00
0.000000000000000000e+00
0.000000000000000000e+00
0.000000000000000000e+00
0.000000000000000000e+00
0.000000000000000000e+00
0.000000000000000000e+00
0.000000000000000000e+00
0.000000000000000000e+00
0.000000000000000000e+00
0.000000000000000000e+00
0.000000000000000000e+00
0.000000000000000000e+00
0.000000000000000000e+00
0.000000000000000000e+00
0.000000000000000000e+00
0.000000000000000000e+00
0.000000000000000000e+00
0.000000000000000000e+00
0.000000000000000000e+00
0.000000000000000000e+00
0.000000000000000000e+00
0.000000000000000000e+00
0.000000000000000000e+00
0.000000000000000000e+00
0.000000000000000000e+00
0.000000000000000000e+00
0.000000000000000000e+00
0.000000000000000000e+00
0.000000000000000000e+00
0.000000000000000000e+00
0.000000000000000000e+00
0.000000000000000000e+00
1.302064514476698587e-298
1.558341116594276014e-268
4.343300976507052953e-240
2.819062412644507473e-213
4.261051919551378536e-188
1.499879365473206881e-164
1.229484914080146002e-142
2.347023551626614322e-122
1.043371718137766664e-103
1.080159880954390215e-86
2.604140396602530856e-71
1.462069831232568273e-57
1.911609616450088040e-45
5.820464795896612012e-35
4.127085789014840757e-26
6.814857241482465150e-19
2.620715547145387206e-13
2.357301019699455207e-09
5.380942965907572420e-07
3.853899749124132998e-06
5.288928224499394726e-06
2.218867412875120558e-05
6.532142899298354539e-05
1.400170882340734608e-04
3.005873236235729815e-04
5.224379820761285891e-04
1.164999999814825878e-03
2.487354095295671308e-03
5.809041898242390221e-03
1.220171566944550610e-02
2.612068279809092244e-02
5.374358065231268911e-02
1.051503271586295696e-01
2.007665401933578231e-01
3.557200383848229119e-01
5.833523795621723407e-01
8.809621693253137931e-01
1.205654134118132381e+00
1.449318524028158750e+00
1.474777571354304984e+00
1.254450955866954542e+00
9.288608607933352967e-01
6.170345771728033002e-01
3.719266534270770919e-01
2.088460552081576327e-01
1.093648268192448925e-01
5.361465906108775492e-02
2.546033325967413108e-02
1.146781882363097881e-02
5.280718329865614208e-03
2.419058834923305378e-03
9.568572815465174134e-04
4.820082844070576076e-04
2.394471935703562226e-04
7.247539305203700311e-05
2.299348054219379361e-05
7.949419385036836597e-06
1.910896877751880435e-06
1.102214314489879864e-06
3.367467196922184209e-06
2.500754378607333789e-07
4.324840793080276601e-10
1.741793165040680759e-14
1.633617618937460011e-20
3.568055531742402412e-28
1.814847638263088068e-37
2.149691334379691210e-48
5.929791325211491461e-61
3.809167625192121020e-75
5.698336977060793383e-91
1.985150974071126568e-108
1.610520746555007794e-127
3.042751433840961268e-148
1.338733087221782367e-170
1.371667624915511515e-194
3.272888037022719309e-220
1.818615040925115946e-247
2.353302618356843732e-276
7.091565963266637347e-307
0.000000000000000000e+00
0.000000000000000000e+00
0.000000000000000000e+00
0.000000000000000000e+00
0.000000000000000000e+00
0.000000000000000000e+00
0.000000000000000000e+00
0.000000000000000000e+00
0.000000000000000000e+00
0.000000000000000000e+00
0.000000000000000000e+00
0.000000000000000000e+00
0.000000000000000000e+00
0.000000000000000000e+00
0.000000000000000000e+00
0.000000000000000000e+00
0.000000000000000000e+00
0.000000000000000000e+00
0.000000000000000000e+00
0.000000000000000000e+00
0.000000000000000000e+00
0.000000000000000000e+00
0.000000000000000000e+00
0.000000000000000000e+00
0.000000000000000000e+00
0.000000000000000000e+00
0.000000000000000000e+00
0.000000000000000000e+00
0.000000000000000000e+00
0.000000000000000000e+00
0.000000000000000000e+00
0.000000000000000000e+00
0.000000000000000000e+00
0.000000000000000000e+00
0.000000000000000000e+00
0.000000000000000000e+00
0.000000000000000000e+00
0.000000000000000000e+00
0.000000000000000000e+00
0.000000000000000000e+00
0.000000000000000000e+00
0.000000000000000000e+00
0.000000000000000000e+00
0.000000000000000000e+00
0.000000000000000000e+00
0.000000000000000000e+00
0.000000000000000000e+00
0.000000000000000000e+00
0.000000000000000000e+00
0.000000000000000000e+00
0.000000000000000000e+00
0.000000000000000000e+00
0.000000000000000000e+00
0.000000000000000000e+00
0.000000000000000000e+00
0.000000000000000000e+00
0.000000000000000000e+00
0.000000000000000000e+00
0.000000000000000000e+00
0.000000000000000000e+00
0.000000000000000000e+00
0.000000000000000000e+00
0.000000000000000000e+00
0.000000000000000000e+00
0.000000000000000000e+00
0.000000000000000000e+00
0.000000000000000000e+00
0.000000000000000000e+00
0.000000000000000000e+00
0.000000000000000000e+00
0.000000000000000000e+00
0.000000000000000000e+00
0.000000000000000000e+00
0.000000000000000000e+00
0.000000000000000000e+00
0.000000000000000000e+00
0.000000000000000000e+00
0.000000000000000000e+00
0.000000000000000000e+00
0.000000000000000000e+00
0.000000000000000000e+00
0.000000000000000000e+00
0.000000000000000000e+00
