2.432471173574176360e-01
3.452996789425223922e-01
4.420100572587634113e-01
5.246894409820739291e-01
5.930686662627737693e-01
6.516463943570179884e-01
7.051101476729371154e-01
7.562358869165106690e-01
8.060142202521547450e-01
8.544543877423368405e-01
9.012101738982758459e-01
9.459726588153399840e-01
9.886518042231069447e-01
1.029232649543327494e+00
1.067539883923546595e+00
1.103335119742392845e+00
1.136555905238742392e+00
1.167207872452324047e+00
1.195111668296061636e+00
1.219968702236464475e+00
1.241671428636946128e+00
1.260475266640829872e+00
1.276804807394815278e+00
1.290919412502187891e+00
1.302855369144678477e+00
1.312630301914767594e+00
1.320362177659684555e+00
1.326169723363761044e+00
1.330089700034631006e+00
1.332210153370657180e+00
1.332764671436093229e+00
1.331972713872951131e+00
1.329909046026710229e+00
1.326587744426337867e+00
1.322099705070133302e+00
1.316652380260453503e+00
1.310455246566363030e+00
1.303538092588139685e+00
1.295737571653983178e+00
1.286966575996327578e+00
1.277469416319591211e+00
1.267690596374209555e+00
1.257884810014081145e+00
1.247934136778999115e+00
1.237581015543405050e+00
1.226755677064430117e+00
1.215608010802185612e+00
1.204324695593897987e+00
1.193007374606379178e+00
1.181631024285194842e+00
1.170088342667876757e+00
1.158323950049450435e+00
1.146415664320669547e+00
1.134513124062412670e+00
1.122722749773904072e+00
1.111081687691482411e+00
1.099580903960085676e+00
1.088195102398892722e+00
1.076919325463796540e+00
1.065728155841733971e+00
1.054544032273294407e+00
1.043328513716321737e+00
1.032139383250711751e+00
1.021079694958876072e+00
1.010266016585909643e+00
9.997820582620643437e-01
9.895675611749656930e-01
9.794327630734518397e-01
9.692690654239488612e-01
9.591783871943928563e-01
9.493207520032946878e-01
9.396931393418948009e-01
9.301381500955858694e-01
9.205159664985640422e-01
9.107967978402620179e-01
9.010485037918605222e-01
8.914113328490664845e-01
8.820267381520031647e-01
8.729260645695089416e-01
8.640527010749433634e-01
8.553732008312627810e-01
8.468920158569634982e-01
8.386179185709513595e-01
8.305324927482290454e-01
8.225757450936226345e-01
8.147057686006936583e-01
8.069395176608037401e-01
7.993019821774175471e-01
7.917704049792504417e-01
7.842712194630873102e-01
7.767260253317557206e-01
7.691129413315638264e-01
7.614011605224965118e-01
7.531075338146924203e-01
7.421371413708067744e-01
7.227707194404988655e-01
6.840988956968826473e-01
6.126120583116362317e-01
5.018595018330533897e-01
3.635419136275060970e-01
