1.448666599421212248e-03
1.851078477155524218e-03
2.342443893853275727e-03
2.936042429011210490e-03
3.645413627875782742e-03
4.483986147931604167e-03
5.464752015931207546e-03
6.600035952986861923e-03
7.901390571226921122e-03
9.379622093944895919e-03
1.104492617187370455e-02
1.290709696945123788e-02
1.497576912385610234e-02
1.726066051032574059e-02
1.977179861510694123e-02
2.251972756253015073e-02
2.551570086923349648e-02
2.877186517730525445e-02
3.230143514577019093e-02
3.611885412051903110e-02
4.023993266190827034e-02
4.468195682450004647e-02
4.946375518151879813e-02
5.460570195121775688e-02
6.012961196614307474e-02
6.605845923928503616e-02
7.241583957797340099e-02
7.922511391640574274e-02
8.650821705413820617e-02
9.428418301090048248e-02
1.025674941309120958e-01
1.113663740557339354e-01
1.206810992521049480e-01
1.305023186457329731e-01
1.408092991945096573e-01
1.515680191983651004e-01
1.627291413804277942e-01
1.742260849545776979e-01
1.859736012837268082e-01
1.978673603258144231e-01
2.097850391802831838e-01
2.215892854555746028e-01
2.331327330205914816e-01
2.442649695400987420e-01
2.548409682059399328e-01
2.647300271211612821e-01
2.738238400140698414e-01
2.820421268339963206e-01
2.893343480879926877e-01
2.956762761133858164e-01
3.010603832159037263e-01
3.054791288624881807e-01
3.089007116353547078e-01
3.112384202477351813e-01
3.123178889084090581e-01
3.118509962277108416e-01
3.094292089109448307e-01
3.045500800625726701e-01
2.966854893562124729e-01
2.853880167119882127e-01
2.704153427381616459e-01
2.518386781355546056e-01
2.300982473399204309e-01
2.059813594297338346e-01
1.805232490244254862e-01
1.548569654509549809e-01
1.300539678055840365e-01
1.069954312881435665e-01
8.629846155428552712e-02
6.830070317819052217e-02
5.309060583898895375e-02
4.056353957757689865e-02
3.048520395993276760e-02
2.254951923243117204e-02
1.642459433532841157e-02
1.178524785916784841e-02
8.333389736781236790e-03
5.808757910312013599e-03
3.992681334062642660e-03
2.707224521938863485e-03
1.811580259999443767e-03
1.197083281262603313e-03
7.817907571372553245e-04
5.052360260048316962e-04
3.237065122538991232e-04
2.062130621957645289e-04
1.311924229415924203e-04
8.390500215324094122e-05
5.444553324337650900e-05
3.626527658830781185e-05
2.510263790720600560e-05
1.822776551043998007e-05
1.392058869943178854e-05
1.111724647810688485e-05
9.174664932073325806e-06
7.715969597759354072e-06
6.529998044493362228e-06
5.506396503542528878e-06
4.593880300736104959e-06
3.773559675943944642e-06
