5.918925220106376756e-02
7.842840646511256564e-02
9.461724153768281964e-02
1.060805755199251826e-01
1.129184460717382044e-01
1.163577317933352367e-01
1.178149657382641796e-01
1.183288053178881555e-01
1.184679512748184754e-01
1.184785138315228858e-01
1.184487228150494925e-01
1.184081821713381250e-01
1.183679106590679181e-01
1.183302695425910434e-01
1.182912447170803710e-01
1.182447040604690802e-01
1.181887929306084245e-01
1.181302467996617894e-01
1.180821800614923617e-01
1.180559725885489131e-01
1.180541260902167044e-01
1.180699725718983156e-01
1.180933871150618569e-01
1.181171348805703097e-01
1.181390445522697702e-01
1.181597700219862712e-01
1.181800401572772191e-01
1.182003297701046535e-01
1.182222054987940307e-01
1.182494201225327418e-01
1.182878258017799888e-01
1.183433241045990930e-01
1.184175657913672797e-01
1.185042118861990568e-01
1.185905821537117655e-01
1.186652083522129475e-01
1.187244961670401028e-01
1.187717606987439695e-01
1.188107495251383705e-01
1.188405335160641202e-01
1.188538178988755439e-01
1.188372134315801576e-01
1.187738318023830730e-01
1.186477573495453158e-01
1.184471860072464078e-01
1.181651490924741227e-01
1.177998405035160789e-01
1.173543796255004656e-01
1.168336879241384935e-01
1.162394802076849448e-01
1.155677517179777430e-01
1.148114060524898089e-01
1.139667183443643789e-01
1.130394795251003781e-01
1.120453729607886889e-01
1.110020984860383558e-01
1.099185181097589725e-01
1.087902197455061781e-01
1.076051873763909372e-01
1.063540009757848737e-01
1.050361239877929537e-01
1.036591164524963693e-01
1.022339575472693551e-01
1.007708448192700390e-01
9.927702805398823382e-02
9.775596304119520130e-02
9.620759225429695305e-02
9.463080725886074962e-02
9.302732083261300300e-02
9.140347281508835742e-02
8.976817708525443307e-02
8.812897552829686287e-02
8.648900081991328648e-02
8.484621022602055473e-02
8.319501059844534863e-02
8.152960605040340814e-02
7.984741722457434909e-02
7.815048849894033756e-02
7.644388767924417682e-02
7.473168089514549417e-02
7.301276663462907823e-02
7.128039198193508730e-02
6.952716867293072533e-02
6.775182955396691353e-02
6.596163555600532968e-02
6.416879858796421809e-02
6.238497627658692174e-02
6.061812990135346385e-02
5.887185870383036812e-02
5.714510379030183357e-02
5.543162834989595611e-02
5.371871957625754673e-02
5.198033837436011328e-02
5.015722891103800707e-02
4.812135366103104800e-02
4.563092226824831676e-02
4.229662316299262481e-02
3.763308348520218866e-02
3.133362578498247175e-02
2.373011176375503309e-02
