1.432049046403200039e-04
1.496634615625671856e-04
1.569781953029059280e-04
1.654316051304687734e-04
1.754608429273882123e-04
1.875853069883270800e-04
2.022585205709476501e-04
2.199344004511361169e-04
2.413257935749561257e-04
2.674572852001039008e-04
2.994920008559424311e-04
3.386747278856551413e-04
3.864683089848773437e-04
4.446413642140696165e-04
5.152237245079761656e-04
6.005097609868986514e-04
7.029846484491942193e-04
8.258386214992930732e-04
9.737792618590300400e-04
1.152512870031367547e-03
1.368343809441054278e-03
1.627287173658665403e-03
1.935095788191868284e-03
2.300569147374092235e-03
2.735027174015930689e-03
3.246000128517090820e-03
3.841019147869556647e-03
4.531115648128109831e-03
5.326814123532621660e-03
6.231347610841857058e-03
7.244250140924786419e-03
8.374779896781120447e-03
9.632300773297597721e-03
1.101428569760047431e-02
1.251308914836616118e-02
1.412302631056335661e-02
1.582076751320223365e-02
1.758212178714316232e-02
1.937980944932318761e-02
2.120516580780810317e-02
2.301360245836954477e-02
2.478793349559125364e-02
2.647528934908066275e-02
2.802221523040322390e-02
2.940030043171164634e-02
3.055048813015562997e-02
3.147255627934762712e-02
3.214463263679566418e-02
3.254195680024127291e-02
3.263602715482560174e-02
3.243817334554117970e-02
3.190836494603441903e-02
3.114538297449439067e-02
3.015858323572790864e-02
2.905009511696838437e-02
2.778574177816161075e-02
2.644110331977791647e-02
2.508873435974614055e-02
2.376063499861516201e-02
2.238779422728184518e-02
2.105592841476391225e-02
1.976218810624101249e-02
1.852493604247158754e-02
1.734923170222278654e-02
1.623779848303346512e-02
1.521122597313341249e-02
1.423524265440360113e-02
1.332389359283728258e-02
1.247608471003323373e-02
1.168520194832081520e-02
1.094558833396400144e-02
1.024714840875828349e-02
9.600791879243548640e-03
9.000159268734080759e-03
8.444425128430233657e-03
7.921179826134921304e-03
7.430586885516576173e-03
6.982577329953339185e-03
6.565729527514546117e-03
6.172228830397919787e-03
5.807470323113026259e-03
5.465612922511727499e-03
5.146300270367359063e-03
4.843271330110555765e-03
4.564511546077024140e-03
4.309988157831440465e-03
4.070230965927438063e-03
3.835879022738939575e-03
3.610615943578546205e-03
3.401895365906870174e-03
3.206480685840639756e-03
3.025084285722437396e-03
2.861293729332227420e-03
2.711009763104758538e-03
2.568683350579034977e-03
2.432500894977506368e-03
2.301474848188606991e-03
2.177852490508175830e-03
2.064444604745476267e-03
1.959309055699025044e-03
1.859681971381846885e-03
1.763615293529871477e-03
1.672150910422076121e-03
1.588600942681024294e-03
1.512682576954145052e-03
1.441970389100561117e-03
1.374489432751704052e-03
1.309936285694574811e-03
1.246711366046639353e-03
1.184838973893218147e-03
1.125204532357206369e-03
1.069523727240678226e-03
1.018459628381996815e-03
9.708788324334642790e-04
9.265077254214077558e-04
8.857961472891462667e-04
8.477758808067726182e-04
8.117037309592863622e-04
7.780027984069657265e-04
7.457781507368294862e-04
7.135729348307012299e-04
6.809433967616771582e-04
6.491857726165986683e-04
6.198912168903096586e-04
5.923263797622471552e-04
5.662570408550100451e-04
5.427088460195834182e-04
5.212955380082927173e-04
5.005891714163138292e-04
4.795719689123310978e-04
4.584457008420956539e-04
4.384666520913368601e-04
4.209109454961484226e-04
4.055585583811394308e-04
3.913738101090730127e-04
3.772432185223137759e-04
3.622389508485132311e-04
3.471781086366969304e-04
3.330957145526824807e-04
3.195748069375369048e-04
3.064491615907511215e-04
2.944373098972886439e-04
2.834394697080654330e-04
2.725447772043232495e-04
2.612684778314179807e-04
2.497759704349581267e-04
2.385284150688356697e-04
2.281962874741927882e-04
2.192764033848488723e-04
2.114641135966423670e-04
2.041734123649392989e-04
1.972033408992188088e-04
1.903472484545166705e-04
1.834150458874725647e-04
1.764824453566428354e-04
1.699528366885070130e-04
1.643817439652789868e-04
1.597411173005063858e-04
1.551613608118019183e-04
1.500057188465870033e-04
1.444066821312494611e-04
1.387076928471333019e-04
1.335968463311795491e-04
1.298068419069693213e-04
1.269327602524698481e-04
1.238262712839031411e-04
1.199367528070098429e-04
1.153651396986682463e-04
1.103897899565096192e-04
1.055081709226139870e-04
1.012829278526594342e-04
9.786517937646288740e-05
9.485060084568788894e-05
9.179416471782731834e-05
8.897055856485345171e-05
8.693872076172092346e-05
8.561116065994967645e-05
8.426433201138109361e-05
8.219582338219258173e-05
7.934588012643999685e-05
7.630251335841219205e-05
7.363367068136228541e-05
7.144153336953845939e-05
6.958548086835155875e-05
6.790477622286558495e-05
6.623856282793453871e-05
6.437898106697104226e-05
6.216276633694070163e-05
5.965875672920699672e-05
5.709567980174343600e-05
5.472374476189594412e-05
5.268448008131137376e-05
5.104957348824274642e-05
4.982668337156344557e-05
4.871929664911464126e-05
4.709621496409241583e-05
4.418003688183147205e-05
3.931489440081061253e-05
3.239952019178812229e-05
2.422257270872482437e-05
