2.904616872967251059e-02
5.396363713515257149e-02
8.169924135324239944e-02
1.226587171662326253e-01
1.925235915786653040e-01
3.025782764046932027e-01
4.518513547622065030e-01
6.232405914814556080e-01
7.835020474064779972e-01
8.921770680841739631e-01
9.196678599237627649e-01
8.619970955126690093e-01
7.432261831416181463e-01
6.023415097608536550e-01
4.705671491145364538e-01
3.625330434612263342e-01
2.798518355492515264e-01
2.183960754812948879e-01
1.733417965218382872e-01
1.404288307058242091e-01
1.162346459686491723e-01
9.822400962640567834e-02
8.435163601478853912e-02
7.354148590281896214e-02
6.508451293061466580e-02
5.837587370898569133e-02
5.292726955819071488e-02
4.841424039796808632e-02
4.457345367858030899e-02
4.131024776238047952e-02
3.845961498590080851e-02
3.603779340049462904e-02
3.395863910906137678e-02
3.218595656843747238e-02
3.058088105080221039e-02
2.909534464210787597e-02
2.774612178073928084e-02
2.641568155573055868e-02
2.508234885105223300e-02
2.393259876966016136e-02
2.292667640035708082e-02
2.189684971488662507e-02
2.103312302303378747e-02
2.038146326584782536e-02
1.972329554799215692e-02
1.913537548290042759e-02
1.854484315888640586e-02
1.788625191059740535e-02
1.728215108778563200e-02
1.677962285135608037e-02
1.633944379737795743e-02
1.589362111410816750e-02
1.545014944055253872e-02
1.493720134522806726e-02
1.447500534883424533e-02
1.406926552975871873e-02
1.368921631280782536e-02
1.337122013175659659e-02
1.313381317823368241e-02
1.296637301846040140e-02
1.275066280665207268e-02
1.247271938988623631e-02
1.217637264921736864e-02
1.183508838359796471e-02
1.151101851315455837e-02
1.124864771953215312e-02
1.100053939206466214e-02
1.071445247774640772e-02
1.044920098159283356e-02
1.026859323359162988e-02
1.014916254780269880e-02
1.000396346306074540e-02
9.847330437902880249e-03
9.691004367256344718e-03
9.590737328539322704e-03
9.434241956808246676e-03
9.141975161629768698e-03
8.926012036954261361e-03
8.815770688021628068e-03
8.668389667766599263e-03
8.546495210882352686e-03
8.471200821143368490e-03
8.419757793386915129e-03
8.365352567893650018e-03
8.172263747049704138e-03
7.866859872155049921e-03
7.650097646853770000e-03
7.569164025950684063e-03
7.481824299348026168e-03
7.411616620109585420e-03
7.396427350989704871e-03
7.350430880023741190e-03
7.222344088762760496e-03
7.104512325791669143e-03
6.979913006211109668e-03
6.790791688893112708e-03
6.586526782955304422e-03
6.261086467001230130e-03
5.265829331177324796e-03
3.311490197697390843e-03
