2.992194608894476284e-04
8.598710980929192389e-05
5.811290655050113262e-05
5.272423796555813239e-05
4.818426312768299083e-05
4.456803486803696270e-05
5.441261838073755980e-05
9.891740264133887825e-05
9.217024134786455203e-05
8.328123965647610586e-05
6.511281227614094404e-05
7.606465917418819703e-05
9.266053225248370201e-05
1.137039841825173488e-04
1.416705860753629542e-04
1.771172887310482850e-04
2.212632814138490098e-04
2.776211343579947587e-04
3.481820902759489287e-04
4.346791969774122899e-04
5.416604732498181462e-04
6.750080448973201815e-04
8.404553874853477793e-04
1.046243239736792787e-03
1.302917856526759899e-03
1.618347069701630116e-03
2.005105079378257087e-03
2.477705711395068039e-03
3.051356245688158046e-03
3.741397730073301332e-03
4.564786376466940451e-03
5.536625429735136245e-03
6.669565549405290054e-03
7.964897665480662192e-03
9.426732514438361868e-03
1.105083440333332577e-02
1.282139526278677430e-02
1.470435310120020260e-02
1.670215157403663955e-02
1.874976708642561024e-02
2.080306212297699034e-02
2.280882971924169320e-02
2.470907571009806417e-02
2.645917091935294160e-02
2.801909074821631179e-02
2.935892205457608234e-02
3.042589167910183731e-02
3.124253778365831263e-02
3.179148364762104939e-02
3.205465322375455200e-02
3.203956444897888139e-02
3.183685497469487119e-02
3.138071138765666235e-02
3.073073638384126935e-02
2.991773923943340935e-02
2.896864036745733575e-02
2.793702219111281540e-02
2.683684297707351896e-02
2.567701694574246046e-02
2.451556487429736378e-02
2.335803739874070181e-02
2.218945893955685464e-02
2.103902655503559274e-02
1.991950244694499356e-02
1.884175092961833456e-02
1.779196691663195717e-02
1.679298969604523309e-02
1.583740400799819523e-02
1.492020008469925607e-02
1.404416531919168952e-02
1.321564417503820303e-02
1.243166276325147375e-02
1.168595481389800642e-02
1.097554453785634827e-02
1.030421599868467340e-02
9.667464535230322481e-03
9.064285767175071784e-03
8.502821062566445764e-03
7.983200191668461676e-03
7.494857344390423032e-03
7.029466048528890815e-03
6.590242189217050510e-03
6.179456694211700983e-03
5.795139524813427458e-03
5.437659687961290435e-03
5.103480921922380967e-03
4.787047494944241845e-03
4.487037402577282418e-03
4.208776282636182697e-03
3.951626456890045512e-03
3.710693932563679208e-03
3.486169876504007295e-03
3.277532431011520413e-03
3.083397677820904313e-03
2.901887723919820052e-03
2.730368233896746533e-03
2.568213909820970912e-03
2.414943352197793623e-03
2.270116325973196326e-03
2.134355985919982913e-03
2.009580873769708457e-03
1.895209480741811940e-03
1.788978802237991194e-03
1.689624158323841264e-03
1.596803265288919025e-03
1.509379484874266101e-03
1.425461411644223745e-03
1.344316747661963287e-03
1.267690210052543421e-03
1.197777989577688586e-03
1.134555683280648189e-03
1.075761824985402423e-03
1.019579584383954914e-03
9.661967232208711065e-04
9.164018862496287618e-04
8.697515178928006806e-04
8.248552538615214202e-04
7.815055012322792531e-04
7.408868638862564290e-04
7.035582895310580525e-04
6.687846481465561325e-04
6.356518312041785010e-04
6.039472837484485346e-04
5.735536430309066003e-04
5.440408274870551977e-04
5.156976030628951596e-04
4.896034688157083897e-04
4.663861546665711119e-04
4.454642012263743383e-04
4.255306473975842448e-04
4.059538927646197935e-04
3.870570883152667251e-04
3.691943729665412123e-04
3.524531478449720182e-04
3.368186492131942846e-04
3.222823702625205833e-04
3.087710611475906280e-04
2.959340840794735025e-04
2.832266505092023061e-04
2.704434768984726833e-04
2.580189814175020031e-04
2.464178394361202467e-04
2.355818263251143244e-04
2.252289883408774068e-04
2.152653917366061727e-04
2.057220556256568109e-04
1.965547289756282767e-04
1.876698494592025045e-04
1.790433353804828391e-04
1.707828785767623054e-04
1.632229038235160875e-04
1.567416735727504551e-04
1.513636838609649883e-04
1.467502496282540106e-04
1.424759184754752076e-04
1.381607737262217830e-04
1.335068375441409534e-04
1.283877398037714551e-04
1.228959568845479518e-04
1.172927149116555922e-04
1.118906302894407306e-04
1.069610490486320396e-04
1.026711285441832256e-04
9.900481615814068017e-05
9.576630901619775297e-05
9.274112554355867463e-05
8.988403960236212924e-05
8.727975119205284545e-05
8.492025446507792217e-05
8.262790407839643622e-05
8.021507834806847442e-05
7.760719215149915694e-05
7.485354133634053691e-05
7.211271015478917139e-05
6.953931456096179109e-05
6.713820947008398521e-05
6.480631308290377536e-05
6.252978379158069435e-05
6.043311301030600372e-05
5.859132659887913487e-05
5.691631257063452476e-05
5.528038089389098483e-05
5.363089222564279400e-05
5.194740513628574153e-05
5.018453309892448051e-05
4.830740112266430317e-05
4.636484146854398530e-05
4.450527336134188537e-05
4.288235849376203373e-05
4.153257841704693345e-05
4.036942499533520168e-05
3.926236814354012550e-05
3.807028330388332964e-05
3.662879299539479526e-05
3.476838572912825442e-05
3.235160554506098264e-05
2.927406649879153792e-05
2.545971898439564548e-05
2.093878408501867531e-05
1.600119807759972380e-05
