1.531332582358988501e-04
1.549871370237478020e-04
1.571503144273798827e-04
1.596532407108591475e-04
1.624965618530007402e-04
1.656653469831783623e-04
1.691663570938281666e-04
1.730685418496400439e-04
1.775173959664403018e-04
1.827049646068891063e-04
1.888141124551979163e-04
1.959892721388288160e-04
2.043550400267556773e-04
2.140349113617006694e-04
2.251423298081168590e-04
2.377856472454452157e-04
2.520771499615767587e-04
2.681071155916848374e-04
2.859360260588878302e-04
3.056347444188242668e-04
3.273266309518102382e-04
3.512313272715804130e-04
3.777351851899149178e-04
4.072761922902841001e-04
4.401155741674102144e-04
4.766130237118864840e-04
5.175961510515172644e-04
5.640167766316744186e-04
6.163206673389590032e-04
6.745478329157428374e-04
7.391919168686336868e-04
8.112758951044090781e-04
8.918720713911414133e-04
9.821419910650884631e-04
1.083248691641093336e-03
1.196500361223069766e-03
1.323598511777352533e-03
1.466100850222239529e-03
1.625361467408492850e-03
1.802585210743444391e-03
1.998119990258113814e-03
2.212839447109899316e-03
2.449480599794011306e-03
2.711288327920151602e-03
3.001891395810487705e-03
3.325039070470355365e-03
3.682208743493212925e-03
4.075452096767939389e-03
4.508268321243508528e-03
4.981808811010443594e-03
5.496410130488063248e-03
6.051588520295411895e-03
6.644320337197214162e-03
7.278328053521584441e-03
7.964572722623413856e-03
8.712244795323283858e-03
9.523841081854205609e-03
1.038580695914285458e-02
1.128697575998313316e-02
1.224103711841549938e-02
1.326352184118468128e-02
1.435750113826523948e-02
1.550302007968117589e-02
1.668826079521576120e-02
1.791715634938608609e-02
1.918490643017659036e-02
2.049139593069781301e-02
2.184853873331412191e-02
2.325215373570650029e-02
2.468057813390365715e-02
2.611271681133041367e-02
2.756804947082337753e-02
2.906155100578537015e-02
3.055722490091166560e-02
3.205050336240114484e-02
3.353285044043723129e-02
3.499427652077700956e-02
3.641217118862814794e-02
3.777436487140927585e-02
3.909490393912615214e-02
4.032743375988454004e-02
4.145354678294038003e-02
4.248127541302276072e-02
4.339442563547936393e-02
4.422448451805981867e-02
4.489165323278353215e-02
4.533980999859880262e-02
4.562365246284382642e-02
4.576304042214573986e-02
4.573113050784531619e-02
4.547579936362781960e-02
4.501747604417402626e-02
4.434797555061895796e-02
4.349656700776364376e-02
4.244205250537753243e-02
4.115698212917503346e-02
3.971622618799899862e-02
3.817296957463907348e-02
3.652118749286126231e-02
3.477919451851753385e-02
3.295261575250375830e-02
3.109855797456815077e-02
2.926310404800719009e-02
2.745391092740777361e-02
2.567229326323647656e-02
2.394513759097719602e-02
2.229688116058185787e-02
2.071750781263760610e-02
1.921732784378280684e-02
1.780387432573369774e-02
1.648437438035059432e-02
1.525518684926638509e-02
1.410153506593647167e-02
1.302363331895033463e-02
1.202193905291955647e-02
1.109147479104620644e-02
1.023005678668985168e-02
9.448873875726271007e-03
8.737768215203502511e-03
8.083789778664038708e-03
7.476490014802347414e-03
6.920020455040359376e-03
6.413807278751449542e-03
5.947482545076439309e-03
5.515571898234853179e-03
5.114598873810366660e-03
4.743777199105585554e-03
4.403146840193086255e-03
4.088525967464048949e-03
3.795325876300909007e-03
3.524611342042471146e-03
3.276885806862205736e-03
3.050677016850617158e-03
2.840837286194566446e-03
2.643796732985029350e-03
2.460090963733397619e-03
2.292202722535734063e-03
2.139311708341792850e-03
1.998048903623097020e-03
1.867501673924680961e-03
1.747237220382466191e-03
1.635628543932592842e-03
1.531314659657274967e-03
1.433858262446641553e-03
1.342587716497478656e-03
1.256608065605130473e-03
1.175671473166037912e-03
1.100506444022764097e-03
1.031998549223339234e-03
9.693419707603501178e-04
9.107740782103653128e-04
8.556476638019826350e-04
8.042896335051298888e-04
7.568885736495864318e-04
7.131398188004267700e-04
6.723507671660979533e-04
6.339633573490066967e-04
5.981432475567222823e-04
5.653747251746414713e-04
5.354485860594762310e-04
5.073253758484726639e-04
4.802142024642834235e-04
4.542820564364436517e-04
4.300424451864139921e-04
4.075110488338594774e-04
3.862823516228154445e-04
3.660791111201770276e-04
3.470382110530184660e-04
3.296167291003866966e-04
3.140215351447884487e-04
2.998557657595218948e-04
2.865549150493658230e-04
2.739141904508563051e-04
2.620373737832469335e-04
2.509170823416154834e-04
2.403374177615024744e-04
2.301562155154213152e-04
2.204110813339508600e-04
2.111869458531131789e-04
2.025382076788090097e-04
1.945114583571636881e-04
1.870974607672303068e-04
1.801839795162781389e-04
1.736323270555515936e-04
1.673682417777051031e-04
1.613655694150296785e-04
1.555880780286219363e-04
1.500091237255014084e-04
1.446463391918363314e-04
1.395166214666815937e-04
1.345894786089411161e-04
1.298277505098053197e-04
1.252415247007818491e-04
1.208705669758931552e-04
1.167547148722191877e-04
1.129434714397713419e-04
1.094785737467126268e-04
1.063417367150214162e-04
1.034544611563846474e-04
1.007288080225547379e-04
