0.000000000000000000e+00
0.000000000000000000e+00
0.000000000000000000e+00
0.000000000000000000e+00
0.000000000000000000e+00
0.000000000000000000e+00
0.000000000000000000e+00
0.000000000000000000e+00
2.015787835032285900e-321
8.022113953227756376e-295
2.176491310767554040e-269
4.030402647342077613e-245
5.094051368384850984e-222
4.394420293779116391e-200
2.587398071238946408e-179
1.039796366323030633e-159
2.852047325089439404e-141
5.339351924473405241e-124
6.822503274960412044e-108
5.950073708639634645e-93
3.541802380969331042e-79
1.438963216001432739e-66
3.990234744624557071e-55
7.552149636684778548e-45
9.755872453662314384e-36
8.601714587072914512e-28
5.176394068846741473e-21
2.126145873205436892e-15
5.960505563526465181e-11
1.140563798841616281e-07
1.491616542061529483e-05
1.378011281093284069e-04
1.995478335515411101e-04
8.365386484735406591e-04
1.941369941572794640e-03
5.343830350764013255e-03
9.226344324304223271e-03
2.095274271957025050e-02
4.198783782098165773e-02
9.550231301288399088e-02
1.971528910368658405e-01
3.860749753192353473e-01
7.290949290844868091e-01
1.349239238294069443e+00
2.458089272290052918e+00
4.275842846940944852e+00
7.052032488319127879e+00
1.115613274172744340e+01
1.681277125128851324e+01
2.408926565017373633e+01
3.251555718004463813e+01
4.118631610537483567e+01
4.858665861538728592e+01
5.282150317354242475e+01
5.261064243882416491e+01
4.830980285776467298e+01
4.089514520456387459e+01
3.268300725457583411e+01
2.476155534455828189e+01
1.784768721488026344e+01
1.237772994788181613e+01
8.209845880174905020e+00
5.259667966005176609e+00
3.289542189146252849e+00
2.028326605177814379e+00
1.181770436162568494e+00
7.061230576070030018e-01
4.134962108011800419e-01
2.406976597567939136e-01
1.395659494378773957e-01
8.274350784061473840e-02
4.648038639117748477e-02
2.921811131633069922e-02
1.729680370181402999e-02
9.365514340256014467e-03
5.822768030403958732e-03
3.267904347299807263e-03
1.253592671712654453e-03
1.062503458118975713e-03
5.983284780476390936e-04
1.285814975945042099e-04
4.954315488582284590e-05
3.388564094909684871e-05
2.014864265512399708e-06
8.217413724678564239e-09
2.287733034678451108e-12
4.347113694135226097e-17
5.637935989338419884e-23
4.990713921460611613e-30
3.015286604870811516e-38
1.243420169780032477e-47
3.499698281421887938e-58
6.723055361804866158e-70
8.815077963300588141e-83
7.888764923429344951e-97
4.818537672051679419e-112
2.008837882023202809e-128
5.716074853018931355e-146
1.110131208660767271e-164
1.471546884266646773e-184
