2.963180841426339973e-01
4.078036435351306555e-01
5.050223701079937788e-01
5.781618359683863284e-01
6.283878718507273087e-01
6.628510953608622858e-01
6.887168380861624639e-01
7.104557555116363110e-01
7.300807623460962015e-01
7.482862065991875422e-01
7.652846013515917090e-01
7.812084063173885262e-01
7.962652832613708043e-01
8.107124439979082053e-01
8.246960575932468229e-01
8.381564502602852906e-01
8.509580008257129347e-01
8.631029945278346771e-01
8.747772967887821327e-01
8.862117773365784101e-01
8.975371251831532060e-01
9.087454778772788844e-01
9.197461493010322675e-01
9.304432031936568093e-01
9.407519617713815396e-01
9.505494248309076522e-01
9.596695954357744585e-01
9.680185870570784390e-01
9.757038066420596900e-01
9.830126494177915397e-01
9.902404595545372112e-01
9.975241906508373058e-01
1.004804233156938231e+00
1.011911435139170701e+00
1.018695048111093238e+00
1.025089458615982663e+00
1.031083098562687761e+00
1.036671200166090712e+00
1.041879361877259047e+00
1.046803204271789411e+00
1.051563657072396740e+00
1.056221402160477441e+00
1.060759061173568885e+00
1.065114899358942546e+00
1.069196703050594888e+00
1.072901745701441367e+00
1.076186978996454657e+00
1.079133316797850961e+00
1.081923916400837404e+00
1.084743291314304692e+00
1.087676220747451739e+00
1.090676448406179277e+00
1.093610134369422004e+00
1.096334157222609518e+00
1.098774427560629263e+00
1.100967726599298313e+00
1.103032484293223980e+00
1.105094970456194536e+00
1.107236064750693583e+00
1.109469557802428952e+00
1.111729735932717622e+00
1.113892439844916815e+00
1.115854056899108437e+00
1.117605454877386606e+00
1.119209924903101339e+00
1.120710192820655093e+00
1.122099951941642804e+00
1.123412347302245706e+00
1.124795247992501634e+00
1.126440820643118679e+00
1.128434331011594516e+00
1.130699300126553952e+00
1.133091499506147848e+00
1.135507746444850863e+00
1.137873518066538026e+00
1.140061098214738999e+00
1.141894098974663985e+00
1.143249189228878526e+00
1.144117501126628467e+00
1.144577687774789077e+00
1.144765674166755787e+00
1.144879267559296476e+00
1.145165432347363899e+00
1.145855624645468529e+00
1.147074476021027634e+00
1.148781189209974185e+00
1.150792532410134239e+00
1.152871198161355526e+00
1.154813389158091175e+00
1.156492080064956296e+00
1.157846605055853795e+00
1.158789244673949836e+00
1.158905893719700986e+00
1.156630217055539367e+00
1.147427201800267360e+00
1.121200012145076474e+00
1.061434288162453665e+00
9.506855565169343159e-01
7.835648911553297902e-01
5.783377018467334985e-01
