2.387937236785903361e-01
2.712271434648106383e-01
2.833194522239499968e-01
2.758078538654173406e-01
2.540796882832337400e-01
2.257603021956545442e-01
1.974464846013616603e-01
1.730159921209422080e-01
1.537005191079034716e-01
1.390809119112635661e-01
1.281175947626902456e-01
1.197818017561700504e-01
1.132869981467406334e-01
1.080952534181637004e-01
1.038515459792588025e-01
1.003201013641358413e-01
9.734069465870170967e-02
9.480142192179800975e-02
9.262291126414967657e-02
9.075307265815475699e-02
8.917138639356603225e-02
8.788840859138456751e-02
8.690062566041772962e-02
8.613193839875808722e-02
8.544831696738093563e-02
8.474454955562468750e-02
8.400904594901192901e-02
8.325282537197270516e-02
8.248249221428230471e-02
8.172904215061836675e-02
8.101010359106444736e-02
8.034848935666658032e-02
7.976289122391244657e-02
7.925122466673437116e-02
7.880384564934611591e-02
7.841473331461625007e-02
7.807889701062509236e-02
7.779081767889731158e-02
7.754285630896141923e-02
7.732993605766032286e-02
7.714316365282583576e-02
7.697185192155633904e-02
7.680838687910897244e-02
7.665004202567358982e-02
7.649734572358050932e-02
7.635216815724157891e-02
7.621669753280665982e-02
7.609165751763924401e-02
7.597677586644713266e-02
7.587242743799008093e-02
7.578007020617923140e-02
7.570127661658181129e-02
7.563660828908218281e-02
7.558551042016586896e-02
7.554391523298240041e-02
7.550472198679017422e-02
7.546103114863712824e-02
7.540843850498536727e-02
7.534688143246143222e-02
7.527964297298002372e-02
7.521145293253143904e-02
7.514739961370515975e-02
7.509276558159375115e-02
7.505115919443461348e-02
7.502322105229156102e-02
7.500657254592582590e-02
7.499652112310696561e-02
7.498914984202473266e-02
7.498232501902919733e-02
7.497589350608299674e-02
7.497096195652651340e-02
7.496791988499751369e-02
7.496548375767382588e-02
7.496214831193026562e-02
7.495651447833151515e-02
7.494778633211823804e-02
7.493611157506606391e-02
7.492150434615181542e-02
7.490407026549496250e-02
7.488441991060641734e-02
7.486350721693245391e-02
7.484286897154415752e-02
7.482438154084090909e-02
7.481005280238550714e-02
7.480112874723680860e-02
7.479768048408089176e-02
7.479862845821402817e-02
7.480192549722360085e-02
7.480320511318822030e-02
7.479195530699975225e-02
7.474290517090899366e-02
7.459708042840883235e-02
7.422763547645409854e-02
7.339312553822528729e-02
7.170219875908880047e-02
6.863794103597020690e-02
6.369007012925338718e-02
5.659045404962862597e-02
4.755142833884391795e-02
3.734865776501845175e-02
