2.799397943293714386e-01
3.841796228031194027e-01
4.738283967469911762e-01
5.396327328078847074e-01
5.830815707814720472e-01
6.114731477117120173e-01
6.320006282346269932e-01
6.490583308425443843e-01
6.645335819765555430e-01
6.790697307446377229e-01
6.929753533067422033e-01
7.065056630538415483e-01
7.197982217178809927e-01
7.328260210895969351e-01
7.454971789094716472e-01
7.577794288975321368e-01
7.697131010322221245e-01
7.813362665974356025e-01
7.926444266499382829e-01
8.036350833956837914e-01
8.143582239427383795e-01
8.248917439433937071e-01
8.352767671150448381e-01
8.454951152133476366e-01
8.554995172073713849e-01
8.652472149910530597e-01
8.747059593894351837e-01
8.838467055266591155e-01
8.926545281530827713e-01
9.011623476557929502e-01
9.094712608001751519e-01
9.177221311461262188e-01
9.260293896572386885e-01
9.344219041988928165e-01
9.428250982027327476e-01
9.510894956448241455e-01
9.590555269573886044e-01
9.666383672319238674e-01
9.738933538369697329e-01
9.810027869955245672e-01
9.881738315325052646e-01
9.955255696375812091e-01
1.003047832384113880e+00
1.010632255460361728e+00
1.018133846194860803e+00
1.025441919628825360e+00
1.032537411692583840e+00
1.039495475830895854e+00
1.046426712271088411e+00
1.053406234830776667e+00
1.060435491135323316e+00
1.067437684707667866e+00
1.074285664203073365e+00
1.080875163644694936e+00
1.087199057695716009e+00
1.093330553032606733e+00
1.099328077012398319e+00
1.105198660913756958e+00
1.110967635217258165e+00
1.116727956824595580e+00
1.122576818725925074e+00
1.128526975738954219e+00
1.134513533232352378e+00
1.140480226392289298e+00
1.146440764081126495e+00
1.152457465747161791e+00
1.158566206226672834e+00
1.164719930238624634e+00
1.170805253537579915e+00
1.176721069584692803e+00
1.182447041852809466e+00
1.188037418807963208e+00
1.193549802109555413e+00
1.198987468972849690e+00
1.204324244309285863e+00
1.209583280405835515e+00
1.214858062158159946e+00
1.220224285489784677e+00
1.225640158632300691e+00
1.230961943490585409e+00
1.236061796492936127e+00
1.240920997359790334e+00
1.245625564333619595e+00
1.250305900929020941e+00
1.255076176431622281e+00
1.259974270161842380e+00
1.264916119126233918e+00
1.269739579484415959e+00
1.274354592390676277e+00
1.278847832951511165e+00
1.283382799941737762e+00
1.287947461717806386e+00
1.292016945654076876e+00
1.293747646295770437e+00
1.287942796491816422e+00
1.262951499859242377e+00
1.199569101942130178e+00
1.077394539930572881e+00
8.898984966187194479e-01
6.578313782156904876e-01
