1.619521360986788869e-04
1.730428197546293181e-04
1.845950061942994852e-04
1.969529170309199985e-04
2.105080577788783999e-04
2.255177076851640260e-04
2.420661350839298101e-04
2.601639341736685924e-04
2.799087382986543537e-04
3.014821338811988225e-04
3.248587299540293223e-04
3.498153650533347941e-04
3.764598768143894271e-04
4.052648946562836417e-04
4.364361625367932222e-04
4.697758066900791776e-04
5.053104283983391809e-04
5.437844709817735026e-04
5.864173446565909120e-04
6.339997847978829293e-04
6.864343009415576789e-04
7.434057232642685056e-04
8.056281338964494483e-04
8.742204554778431475e-04
9.490924197035258527e-04
1.029698430192101891e-03
1.116847466953736117e-03
1.211751544103720907e-03
1.315495499716848055e-03
1.430562619617685525e-03
1.558172166809522387e-03
1.698651451359523131e-03
1.853330779699083981e-03
2.023430716475912560e-03
2.210222735792495476e-03
2.413261841578659070e-03
2.633642080334832377e-03
2.874534073855747243e-03
3.138569022798993503e-03
3.426356146552139107e-03
3.740017142222357583e-03
4.081666359656605132e-03
4.450757659455379690e-03
4.854461631343003937e-03
5.303530577517803421e-03
5.801748520126309878e-03
6.350581900284233555e-03
6.950495511226039043e-03
7.611287665897486891e-03
8.333318456354319934e-03
9.107793564449731191e-03
9.944662101410740862e-03
1.084141606414052751e-02
1.179898999774070187e-02
1.287382739807097290e-02
1.405355625207070289e-02
1.529990137656603820e-02
1.661470266801747669e-02
1.802921449762528300e-02
1.953278543365695799e-02
2.113786927195994425e-02
2.283842936053355477e-02
2.459258956289905873e-02
2.641013462471698131e-02
2.829100302411766479e-02
3.011743296401671321e-02
3.196541729268224247e-02
3.381896148807796154e-02
3.561777785777969080e-02
3.727632572700487895e-02
3.888237191154750999e-02
4.032044427019240013e-02
4.151832293980116384e-02
4.259674853178806869e-02
4.331655313233063326e-02
4.374256511230768807e-02
4.395460006418133725e-02
4.383332905374857230e-02
4.334786260500975152e-02
4.242917818142739883e-02
4.135185002147465094e-02
4.003963297221989348e-02
3.852776001438624337e-02
3.682731648832402588e-02
3.496986144609992575e-02
3.311049850335866240e-02
3.130669419222343458e-02
2.944978120508854116e-02
2.754502172122265391e-02
2.574132498847454820e-02
2.404112625681656748e-02
2.238340019137212769e-02
2.084037948592648917e-02
1.942609532454673757e-02
1.808375009894696780e-02
1.679612001935801291e-02
1.559493445068207106e-02
1.451447063702385361e-02
1.350081270443196334e-02
1.256409449011798053e-02
1.169300776625253717e-02
1.087199267453251017e-02
1.010249620548255012e-02
9.386054908182644985e-03
8.730293035713224126e-03
8.131402602818612116e-03
7.579486891331325450e-03
7.067781793161267978e-03
6.594793919029493835e-03
6.149564794847504380e-03
5.734025348569727135e-03
5.352353390645632827e-03
5.003023475470036278e-03
4.678627535385831461e-03
4.376583411592632235e-03
4.097519724279342218e-03
3.838392402837242662e-03
3.594415468651483616e-03
3.363872600586184040e-03
3.148183310929829771e-03
2.946653468497659537e-03
2.758617908131152409e-03
2.584588731152785094e-03
2.424218878872925510e-03
2.277374007094232732e-03
2.141733218321864324e-03
2.014010583872040665e-03
1.893384585589251044e-03
1.780073664454063674e-03
1.674879811755764381e-03
1.578025558009832179e-03
1.487618339922031074e-03
1.401492890943595217e-03
1.319802156641472707e-03
1.242664563901974906e-03
1.171121938431686103e-03
1.105266133606383049e-03
1.043889328017585634e-03
9.864157571776966619e-04
9.327561213583799140e-04
8.823901874710902331e-04
8.345153540933901090e-04
7.894421421539185276e-04
7.478116146212754507e-04
7.099569916028645750e-04
6.756343992728808603e-04
6.438838130758291461e-04
6.134753744810282627e-04
5.837945701909132579e-04
5.550010397022683362e-04
5.273902918464598447e-04
5.010401584522891725e-04
4.760130539416594186e-04
4.526379286228413663e-04
4.312339801129655014e-04
4.115705017072590079e-04
3.932487839471318332e-04
3.760129884116051712e-04
3.597542239550080741e-04
3.444111225626241457e-04
3.299724677409782646e-04
3.164462809707164321e-04
3.037630129579670275e-04
2.918224024879440275e-04
2.805899336805660013e-04
2.700577290020047378e-04
2.601834279636160282e-04
2.509219336266424460e-04
2.422555918143840155e-04
2.341483838642252862e-04
2.265023362617781682e-04
2.191975135814306340e-04
2.121607533674278777e-04
2.053672864380326902e-04
1.988142517756360226e-04
1.925291826626191469e-04
1.865599721748425956e-04
1.809182474968303945e-04
1.755494769851477185e-04
1.703777033483864893e-04
1.653702346055687744e-04
1.605456596677271562e-04
1.559441150007106515e-04
1.516061281366095704e-04
1.475449847236528752e-04
1.437059273190953120e-04
1.399673791032090132e-04
1.362201899126388581e-04
1.324586225343591707e-04
1.287844664567680737e-04
1.253234217834420954e-04
1.221415354922022382e-04
1.192253810934596164e-04
1.165189581362625210e-04
1.139750381471702970e-04
1.115819423313454565e-04
1.093508773071325549e-04
1.072819288080708921e-04
1.053430351888873511e-04
1.034790804125761642e-04
