2.733590149547763248e-01
3.974281565759035795e-01
5.196354425182548864e-01
6.278398495962208559e-01
7.188654438794229717e-01
7.954983432583492275e-01
8.619863609842228769e-01
9.214626562459763415e-01
9.754124213590926740e-01
1.024241305323838169e+00
1.068042091103051927e+00
1.106972325903473608e+00
1.141332783080971192e+00
1.171584268516148386e+00
1.198257156402031898e+00
1.221844842631735206e+00
1.242748232526601937e+00
1.261177217904666970e+00
1.277187536618506591e+00
1.290884259654812904e+00
1.302404125734116569e+00
1.311723675418843493e+00
1.318742326250135877e+00
1.323603506106136640e+00
1.326799966145762788e+00
1.328864126378141775e+00
1.329926345504426344e+00
1.329621338417396492e+00
1.327480904361507008e+00
1.323399670863092847e+00
1.317709834938317615e+00
1.310897447236623270e+00
1.303334958548866718e+00
1.295228333949914878e+00
1.286649976870359868e+00
1.277585883119594090e+00
1.268052569967945908e+00
1.258122407659173048e+00
1.247795426990216061e+00
1.236955553050052004e+00
1.225525806046409372e+00
1.213654230116269606e+00
1.201671006939305952e+00
1.189834088649907029e+00
1.178175211424336455e+00
1.166618523855831091e+00
1.155165337509323376e+00
1.143876114904453400e+00
1.132739582254300270e+00
1.121632513890436611e+00
1.110374425538634746e+00
1.098837969568784212e+00
1.087061119610295945e+00
1.075219942213515134e+00
1.063473380233026289e+00
1.051911294045827727e+00
1.040621333080070654e+00
1.029662791490114859e+00
1.018998667369330091e+00
1.008543667359436125e+00
9.982264401023088762e-01
9.879880333237831547e-01
9.777874453636987706e-01
9.676213300159579589e-01
9.575209715772154961e-01
9.475319915732679510e-01
9.377118458982280913e-01
9.281454239163882125e-01
9.189128699902070485e-01
9.100215279590863071e-01
9.013857616019800290e-01
8.928701495634064900e-01
8.843759272464083443e-01
8.759517794253895984e-01
8.678385869152346332e-01
8.603188881481562689e-01
8.534322720330600465e-01
8.468530991943284958e-01
8.401196952052093492e-01
8.330135816242986158e-01
8.257216573899338607e-01
8.186559751418718278e-01
8.121181358360495262e-01
8.060993323634370045e-01
8.003558615346835214e-01
7.946476632549175356e-01
7.888995342244614628e-01
7.831645024101119290e-01
7.775021838581077649e-01
7.719280807940610556e-01
7.664402665768561551e-01
7.610312600080265666e-01
7.555933668509705603e-01
7.494978296073762092e-01
7.404250491478362450e-01
7.223747925386296842e-01
6.843867922708775087e-01
6.135653107621675817e-01
5.044178966988852597e-01
3.685755226129764917e-01
