7.206677365771174681e-02
1.069863398249064068e-01
1.474321017197595673e-01
1.918430943090244645e-01
2.399843695070200678e-01
2.917083767450653897e-01
3.482867411859011386e-01
4.105777714382641830e-01
4.790352871683025149e-01
5.536482293439097813e-01
6.349695029283325409e-01
7.229876086579881678e-01
8.172833116047255597e-01
9.170491310975570354e-01
1.021262727992016561e+00
1.128126794391254517e+00
1.236431318598567808e+00
1.344448464130051590e+00
1.450314072832076251e+00
1.551862704621349343e+00
1.647398927972282712e+00
1.735693104296050171e+00
1.815273860290805619e+00
1.884762883297475211e+00
1.943611205834697042e+00
1.991221489777723175e+00
2.027293263903703124e+00
2.052333369678386532e+00
2.066424285973049280e+00
2.070052823230158268e+00
2.064558207145711588e+00
2.050958332607592194e+00
2.029536930503613945e+00
2.001631442226917912e+00
1.968424770891846975e+00
1.930252858804479166e+00
1.888178842622567855e+00
1.843363637937776467e+00
1.796338274526798839e+00
1.747674462091435954e+00
1.697888988085802131e+00
1.647733423237103256e+00
1.597825017669132430e+00
1.548541161231078434e+00
1.499962944415881516e+00
1.452362693851093400e+00
1.405776035080386954e+00
1.360274752411414712e+00
1.316219012795140753e+00
1.273729977926850276e+00
1.232849816507618268e+00
1.193621025123109192e+00
1.155852234653178101e+00
1.119353114762267509e+00
1.083980899724806379e+00
1.049960644582981217e+00
1.017240549893585477e+00
9.857914577267945511e-01
9.558067882714164076e-01
9.272316329810565971e-01
8.999746379999479240e-01
8.740208749491211737e-01
8.493371614661273661e-01
8.256756164584223567e-01
8.028020940135102146e-01
7.807522239600011016e-01
7.597117598553903006e-01
7.396612696764469641e-01
7.203803184754801192e-01
7.017469772245302773e-01
6.838826262235142561e-01
6.668693010662888332e-01
6.506397131863648209e-01
6.350804643421138485e-01
6.201845019317752117e-01
6.059034620839175433e-01
5.921375638403302277e-01
5.788735527541156722e-01
5.660952698441888975e-01
5.537464101444108389e-01
5.417612690313038382e-01
5.301557610035767532e-01
5.190092223754295686e-01
5.083099565455829749e-01
4.979822643034460539e-01
4.879501632509615772e-01
4.782448564650574885e-01
4.688284331201232336e-01
4.597676460186599368e-01
4.510698224259901412e-01
4.427419070898859221e-01
4.348286641585817902e-01
4.274686789852662483e-01
4.199508749254550199e-01
4.121476336678210339e-01
4.014626820880740632e-01
3.859330632120639981e-01
3.640031261008237484e-01
3.439541061921866372e-01
2.701087557428375474e-01
