1.753437377921659296e-02
1.573270609859575217e-02
8.572634024004552669e-03
2.838969608971466784e-03
5.718398153539744257e-04
7.010748164778370713e-05
5.234800677271685888e-06
2.395529301455038345e-07
9.782285755446161233e-08
2.150985453553376249e-06
1.810639688553274180e-05
5.452951087772182605e-05
6.128410267616764891e-05
4.588004920069409785e-05
7.081125805460175896e-05
7.301862858185561786e-05
4.988813999439745681e-05
1.459253445522897853e-04
6.033174999857416352e-04
1.156046789957859526e-03
1.054701926812512272e-03
7.217505478178289210e-04
8.269140169815267444e-04
1.881312223116003756e-03
3.937848303036165475e-03
5.396249443853660087e-03
5.302592443593890856e-03
5.865080394547556031e-03
6.787384833912245286e-03
8.085706773716618348e-03
1.092361417262187676e-02
1.568118426869434187e-02
2.109204728099727671e-02
2.760659891371474231e-02
3.727129262733776954e-02
5.257757193757452152e-02
7.279089337362011636e-02
9.619874303750629296e-02
1.263575165325704630e-01
1.687152338152333453e-01
2.233707771343672321e-01
3.012738811148608087e-01
4.107225627183951899e-01
5.423083255466880637e-01
7.021610054246825161e-01
8.954955493840364156e-01
1.133602400445636205e+00
1.437591554625686552e+00
1.824780576731630521e+00
2.310500919115734408e+00
2.893919316019605947e+00
3.567251525671687684e+00
4.322203564043675783e+00
5.134970318768745656e+00
6.037094503792330258e+00
7.031430787059327336e+00
8.103002587502556864e+00
9.222478677341834796e+00
1.021123157612844601e+01
1.102816175102243079e+01
1.161716374558291065e+01
1.182374262014143440e+01
1.150822149987781984e+01
1.076771278343284344e+01
9.886122165958466823e+00
8.970785578061649446e+00
8.059726088164891777e+00
7.168564631774607676e+00
6.339672138279873970e+00
5.553114499190304976e+00
4.815563631574850234e+00
4.140979607805267193e+00
3.539872186548671085e+00
3.032032783408821430e+00
2.575079828650895131e+00
2.160631778366692846e+00
1.809815035183721887e+00
1.518817637715766944e+00
1.280535160086626378e+00
1.080532654879269527e+00
9.012420677633615762e-01
7.487801624360534980e-01
6.269925908621980515e-01
5.270930075695594574e-01
4.457661385034498713e-01
3.806112595872069848e-01
3.281721287979646462e-01
2.762698673558651175e-01
2.295704784581940050e-01
1.953956821692436063e-01
1.688752003891851872e-01
1.416527911275025919e-01
1.181977794673598064e-01
1.096018541641979316e-01
1.031621824668630394e-01
8.849505149742253884e-02
7.945641541632331162e-02
7.818847462967717932e-02
7.267628180900613521e-02
6.193731267871478013e-02
5.412564329381059497e-02
4.707263097794787965e-02
4.301027793602022614e-02
4.275944521433259343e-02
4.352115904531701773e-02
4.104843838383576832e-02
3.591916090836087122e-02
3.518604982554478927e-02
3.632094286554304885e-02
3.429184654203255855e-02
3.069234306916644728e-02
2.982526019731984723e-02
3.075297081787961226e-02
3.244190342095968488e-02
3.333908122521540146e-02
3.345659215788775176e-02
3.216829237498002730e-02
2.844545770830841577e-02
2.462429330733465621e-02
2.411655200273156788e-02
2.544812817827496812e-02
2.724702055374805115e-02
2.950029732817189762e-02
3.044851649638364438e-02
2.648350574030381224e-02
2.259990744109901042e-02
2.058166015257582512e-02
1.898207332606226955e-02
1.880382678710841929e-02
2.102139959514332315e-02
2.492554009413513669e-02
2.398803872518031136e-02
2.361703358188347451e-02
2.301949460054915700e-02
2.029451637023161475e-02
1.724846322428842324e-02
1.578626806881355815e-02
1.424221576422367123e-02
1.279396046706981170e-02
1.259868963047229215e-02
1.342108697764687365e-02
1.422700811028599320e-02
1.428620666435582477e-02
1.472299918148281192e-02
1.576433398865277960e-02
1.599175895839053535e-02
1.474976582073368042e-02
1.403508122237887186e-02
1.446055582732430275e-02
1.472594734491582298e-02
1.479501937495765126e-02
1.444936263088367548e-02
1.361024234971819520e-02
1.307228072286388890e-02
1.298972980220865214e-02
1.278420781828606273e-02
1.200605292153971403e-02
1.165839223096388523e-02
1.150814095602343580e-02
1.117622408950815979e-02
1.012242428407206241e-02
8.680813117426810360e-03
8.471052200881727667e-03
9.452779655510014020e-03
9.579694502076864168e-03
8.795305387695994889e-03
9.061839892294793961e-03
9.778464214797739223e-03
9.560242289731919058e-03
9.124052656591816191e-03
9.048959486123202972e-03
8.433650647334077835e-03
7.134429482438237220e-03
6.286449374144336549e-03
6.569532700198768213e-03
7.065107866373568531e-03
6.856959240824682389e-03
5.771989647758398942e-03
4.578514583947577467e-03
4.260707217726367180e-03
3.685038252654392055e-03
3.393673377635430134e-03
3.585907991302147730e-03
3.505164989907574163e-03
3.313372002555402696e-03
3.656348253409726166e-03
4.439159187585738423e-03
5.094038450348267744e-03
5.744036696789552379e-03
6.454105888328663145e-03
6.881698899490546611e-03
6.619183960500227802e-03
5.597289181241517537e-03
4.886484802422301314e-03
5.042596502486703172e-03
4.569574139902027321e-03
3.134121190219740262e-03
1.909541380828794991e-03
1.154749996829327469e-03
6.564490458489805665e-04
