4.616435034705953719e-05
5.085555724671180064e-05
5.597677214634320963e-05
6.156325208542175751e-05
6.765287565193068057e-05
7.428633660907486911e-05
8.150735568017882231e-05
8.936291308534125293e-05
9.790350484874299800e-05
1.071834263586238960e-04
1.172610871524497545e-04
1.281993614012063893e-04
1.400659790581914069e-04
1.529339630923748469e-04
1.668821186158706579e-04
1.819955800086360716e-04
1.983664223161666067e-04
2.160943432323630042e-04
2.352874218818713553e-04
2.560629604156472276e-04
2.785484141988819971e-04
3.028824162254534951e-04
3.292159015420401298e-04
3.577133382562863251e-04
3.885540737917129138e-04
4.219338098088146107e-04
4.580662296806566297e-04
4.971848254167908140e-04
5.395450214049448724e-04
5.854268017357813899e-04
6.351382795303122438e-04
6.890211219718785085e-04
7.474596827943488526e-04
8.108974606235847243e-04
8.798676420569164196e-04
9.550496787830231940e-04
1.037371653897409566e-03
1.128188520821146431e-03
1.229577557988296771e-03
1.344800679963564349e-03
1.478982296273694810e-03
1.640033839416558557e-03
1.839815948904820891e-03
2.095464134749825454e-03
2.430714037160218097e-03
2.876950297043804564e-03
3.473580891715376002e-03
4.267258281735012392e-03
5.309549147599517023e-03
6.653041767975715302e-03
8.346603356540778854e-03
1.043131714828282423e-02
1.293899035080199773e-02
1.589444235292465646e-02
1.932132334922240929e-02
2.325056114535144214e-02
2.773111646052435833e-02
3.284114239151451203e-02
3.869207087862405747e-02
4.541712571815808425e-02
5.315373657709743238e-02
6.204730076860172361e-02
7.227293743116307290e-02
8.401380367318399267e-02
9.736932342219441205e-02
1.122609662237078754e-01
1.283851352666261769e-01
1.449459829811903799e-01
1.599132141088764614e-01
1.698046530777224394e-01
1.714220175856887018e-01
1.631754765669699847e-01
1.466410384936844280e-01
1.256047520074001778e-01
1.037470023023509963e-01
8.354263124004308871e-02
6.605712336905462945e-02
5.151643391022893426e-02
3.977419381285133421e-02
3.050888477176808347e-02
2.333811553249044712e-02
1.787787074632705281e-02
1.377260480306907210e-02
1.071278310704455727e-02
8.442619993332603837e-03
6.759440389526577032e-03
5.507560464977532926e-03
4.569905662536816182e-03
3.859786198506348978e-03
3.313885751364523471e-03
2.886547904670370458e-03
2.545176444393548124e-03
2.266624248596350172e-03
2.034493451643665241e-03
1.837211114922003606e-03
1.666653664203259378e-03
1.517112820696735111e-03
1.384518712252725929e-03
1.265908054670932545e-03
1.159095579979808714e-03
1.062458610236100649e-03
9.747583848493879743e-04
8.949904461074665273e-04
8.222917305188287562e-04
7.559034131370043598e-04
6.951617303701044777e-04
6.394951910493963708e-04
5.884188935235389615e-04
5.415215958432868142e-04
4.984441745734610610e-04
4.588539428770114451e-04
4.224301166298710772e-04
3.888751276004971235e-04
3.579372949146806334e-04
3.294125900393404219e-04
3.031244443974203317e-04
2.789060359459090530e-04
2.565927954467766832e-04
2.360208809929651645e-04
2.170324549238741841e-04
1.994855029845432897e-04
1.832611951451107294e-04
1.682650795071439945e-04
1.544224225087882977e-04
1.416696563603749882e-04
1.299450917611315879e-04
1.191823114099924364e-04
1.093082490824873334e-04
1.002459251512351072e-04
9.192041859301547531e-05
8.426620099130817387e-05
7.723378380157023518e-05
7.079267866632537687e-05
6.492706464559048617e-05
5.962452749071483501e-05
5.486395172280776047e-05
5.060456293840658851e-05
4.677343627255639178e-05
4.326503677166437415e-05
3.997558924213542733e-05
3.685852260703582434e-05
3.394968564364620492e-05
3.133510015971612347e-05
2.909013164587275890e-05
2.723744096643823711e-05
2.574280356242266885e-05
2.453601491621736359e-05
2.353644491566243743e-05
2.267084728411190476e-05
2.187943815892376040e-05
2.111252725347311402e-05
2.032537378190738564e-05
1.947966396380833610e-05
1.855352217733458202e-05
1.755336848946418494e-05
1.651800080580513989e-05
1.551005020493117736e-05
1.459776609298985504e-05
1.383519988546925923e-05
1.324902995262137991e-05
1.283669106725314782e-05
1.257546699351488183e-05
1.243782138611446043e-05
1.240604293195023066e-05
1.248016179397863832e-05
1.267667631197134969e-05
1.302006440949127067e-05
1.353200199078858515e-05
1.422337183849497616e-05
1.509195776497356716e-05
1.612568321214339687e-05
1.730883380157764882e-05
1.862779490564946190e-05
2.007370059724048210e-05
2.164150006337128433e-05
2.332700022272628563e-05
2.512415434363829525e-05
2.702402899678105468e-05
2.901546672827871182e-05
3.108658339171214318e-05
3.322619210313680036e-05
3.542457285285171431e-05
3.767322585403541483e-05
3.996332375119743084e-05
4.228280661729955748e-05
4.461266359258346325e-05
4.692377220537657841e-05
4.917622193047433500e-05
5.132279994546055409e-05
5.331713928949008939e-05
5.512512554923512995e-05
5.673515484187768046e-05
5.815918437726709913e-05
5.941961110128023723e-05
6.053449320263837069e-05
6.152386157037828735e-05
6.243084664682462589e-05
6.332086135051783133e-05
6.425139938307204300e-05
6.524680434129699570e-05
